1123
0 853 553
1 1193 366
2 1045 818
3 176 161
4 883 1026
5 688 1163
6 168 1044
7 969 236
8 431 514
9 604 937
10 609 260
11 482 726
12 979 818
13 782 568
14 983 966
15 15 958
16 63 150
17 556 496
18 698 22
19 700 470
20 110 308
21 620 802
22 602 940
23 234 501
24 1123 276
25 998 435
26 232 505
27 697 15
28 26 590
29 19 589
30 85 406
31 1198 1051
32 700 469
33 1104 946
34 389 601
35 588 1047
36 250 1188
37 1044 818
38 17 955
39 893 906
40 148 429
41 1107 872
42 974 233
43 568 391
44 687 1170
45 684 1172
46 700 20
47 812 1161
48 876 1027
49 590 1048
50 465 1054
51 175 161
52 806 202
53 491 938
54 856 360
55 492 937
56 84 407
57 250 993
58 940 6
59 494 274
60 946 10
61 167 1043
62 1054 75
63 194 59
64 1166 744
65 101 1138
66 1023 1059
67 1045 816
68 406 278
69 1168 745
70 64 150
71 604 939
72 386 395
73 264 652
74 257 656
75 10 583
76 660 166
77 1163 744
78 445 10
79 1056 76
80 806 1072
81 708 691
82 773 342
83 1021 1163
84 979 970
85 54 846
86 67 151
87 18 956
88 386 397
89 697 1034
90 259 660
91 14 954
92 53 841
93 88 56
94 490 717
95 599 937
96 818 464
97 659 583
98 1198 480
99 1165 739
100 811 1160
101 423 878
102 319 904
103 323 898
104 1000 439
105 999 436
106 962 639
107 616 791
108 478 165
109 1103 943
110 258 778
111 168 272
112 189 57
113 233 506
114 333 85
115 803 199
116 442 8
117 947 6
118 428 515
119 1107 632
120 1023 1061
121 894 905
122 487 709
123 18 957
124 458 1055
125 1044 816
126 6 721
127 942 7
128 253 1191
129 485 707
130 405 281
131 1116 1107
132 124 932
133 1174 746
134 698 17
135 698 1029
136 254 1183
137 254 994
138 1192 370
139 551 1151
140 715 691
141 167 1041
142 9 281
143 779 572
144 619 793
145 393 604
146 84 411
147 128 731
148 258 1189
149 942 10
150 4 716
151 315 1083
152 128 736
153 820 465
154 106 1151
155 1165 749
156 665 584
157 703 18
158 556 494
159 8 713
160 84 410
161 498 166
162 977 821
163 812 1159
164 490 938
165 186 58
166 818 1155
167 701 17
168 111 1139
169 250 508
170 1192 372
171 121 936
172 448 10
173 83 408
174 488 715
175 1166 739
176 1104 942
177 701 466
178 195 55
179 1108 865
180 126 934
181 1197 369
182 1110 631
183 320 895
184 712 689
185 254 1184
186 963 635
187 1044 817
188 320 296
189 814 25
190 486 709
191 325 300
192 557 497
193 696 18
194 254 992
195 1105 873
196 800 837
197 1059 74
198 395 602
199 700 17
200 1169 748
201 1105 941
202 24 583
203 320 88
204 610 258
205 259 784
206 426 880
207 493 271
208 423 500
209 683 1178
210 508 393
211 687 1176
212 1024 1061
213 1106 947
214 493 937
215 122 934
216 814 1156
217 802 833
218 174 164
219 317 902
220 972 825
221 426 505
222 966 637
223 797 838
224 148 433
225 149 432
226 1124 270
227 173 160
228 85 408
229 698 14
230 1045 817
231 856 358
232 1109 630
233 1109 865
234 106 308
235 661 578
236 457 1056
237 492 161
238 895 905
239 443 19
240 797 833
241 943 8
242 814 1159
243 181 56
244 821 457
245 322 86
246 265 651
247 257 1186
248 320 82
249 548 1152
250 326 92
251 497 167
252 12 269
253 964 629
254 322 902
255 1023 1060
256 480 723
257 478 711
258 976 828
259 543 1153
260 704 469
261 484 726
262 459 1056
263 265 655
264 112 309
265 854 554
266 995 441
267 589 1049
268 321 299
269 813 22
270 66 150
271 555 497
272 114 307
273 808 201
274 1106 870
275 693 1031
276 484 167
277 144 576
278 497 166
279 405 277
280 1109 875
281 174 160
282 812 23
283 24 580
284 508 401
285 438 15
286 663 576
287 712 691
288 17 591
289 685 1181
290 240 514
291 701 472
292 173 161
293 267 652
294 325 89
295 13 275
296 260 655
297 82 409
298 690 1166
299 10 717
300 663 584
301 448 11
302 605 936
303 13 956
304 491 939
305 1114 1104
306 1194 372
307 803 1072
308 168 274
309 149 431
310 1020 1161
311 1195 1050
312 47 843
313 695 20
314 569 388
315 1181 144
316 261 656
317 660 574
318 803 1075
319 988 448
320 716 691
321 109 1143
322 1108 870
323 434 503
324 977 826
325 166 1045
326 695 1175
327 1019 1160
328 483 722
329 1113 1105
330 1107 629
331 1103 869
332 50 840
333 690 1167
334 329 88
335 942 9
336 507 400
337 328 86
338 150 431
339 440 11
340 485 174
341 437 12
342 315 1086
343 971 236
344 231 214
345 709 691
346 802 201
347 458 1054
348 568 390
349 1109 629
350 390 602
351 587 1049
352 686 1171
353 607 257
354 677 1170
355 233 216
356 970 235
357 557 496
358 976 823
359 387 394
360 256 1190
361 180 57
362 165 1042
363 661 585
364 146 431
365 125 738
366 253 780
367 505 397
368 110 1138
369 232 214
370 510 398
371 1024 1062
372 1107 873
373 428 504
374 1194 367
375 170 272
376 506 396
377 979 236
378 124 933
379 698 1033
380 694 1166
381 967 637
382 485 166
383 28 589
384 1175 141
385 245 511
386 856 361
387 148 432
388 389 604
389 984 965
390 308 1080
391 943 116
392 777 341
393 388 393
394 1023 1160
395 949 124
396 108 1155
397 467 1056
398 110 304
399 54 841
400 657 586
401 233 213
402 802 200
403 1105 946
404 67 150
405 441 13
406 775 340
407 423 877
408 618 795
409 114 1140
410 17 273
411 970 822
412 167 273
413 1110 630
414 815 24
415 1021 1162
416 821 458
417 688 1177
418 877 1027
419 325 298
420 813 1161
421 946 125
422 260 791
423 320 903
424 972 234
425 312 1083
426 233 214
427 854 553
428 464 1053
429 108 304
430 421 508
431 617 798
432 253 787
433 1198 478
434 609 254
435 944 6
436 169 274
437 488 714
438 189 58
439 68 152
440 684 1179
441 316 901
442 254 993
443 826 459
444 491 274
445 799 834
446 4 714
447 183 56
448 22 578
449 484 725
450 945 8
451 51 839
452 621 800
453 428 513
454 401 279
455 110 1131
456 944 11
457 403 275
458 330 84
459 702 467
460 606 257
461 812 24
462 250 1187
463 106 1137
464 21 587
465 442 12
466 117 1148
467 108 309
468 240 510
469 1177 143
470 600 936
471 1105 869
472 1118 1105
473 87 53
474 491 273
475 1022 1157
476 143 576
477 141 576
478 1190 365
479 252 1188
480 443 16
481 17 279
482 778 572
483 1107 945
484 544 1152
485 239 516
486 1193 480
487 459 1059
488 123 727
489 121 934
490 975 967
491 12 280
492 52 845
493 425 882
494 607 256
495 652 576
496 61 148
497 443 8
498 310 1083
499 1175 154
500 507 398
501 440 14
502 481 168
503 65 152
504 14 955
505 807 198
506 546 1153
507 963 632
508 1024 1060
509 108 303
510 1108 875
511 317 904
512 319 86
513 389 391
514 974 826
515 406 276
516 883 1029
517 615 795
518 484 169
519 421 504
520 571 388
521 855 359
522 328 81
523 251 1189
524 444 17
525 332 84
526 28 587
527 1022 1162
528 491 160
529 1024 1059
530 1122 274
531 809 1157
532 464 1058
533 1192 362
534 240 515
535 552 1154
536 802 840
537 83 409
538 895 907
539 441 12
540 441 6
541 879 1029
542 311 1078
543 183 61
544 90 52
545 978 817
546 68 145
547 405 278
548 1174 745
549 814 1161
550 1195 483
551 660 573
552 853 554
553 324 296
554 427 878
555 698 13
556 26 580
557 1046 818
558 858 359
559 983 445
560 90 51
561 1170 742
562 125 736
563 434 506
564 973 232
565 253 1190
566 426 878
567 314 1083
568 321 897
569 81 408
570 802 841
571 1116 1101
572 964 637
573 776 344
574 959 634
575 465 1055
576 16 956
577 319 84
578 812 1152
579 326 80
580 1119 1106
581 1177 144
582 266 788
583 119 1146
584 571 390
585 799 835
586 56 842
587 440 20
588 1125 273
589 818 1157
590 655 582
591 700 467
592 444 19
593 15 957
594 938 122
595 852 553
596 330 85
597 602 934
598 4 277
599 1024 1161
600 714 693
601 1167 743
602 491 937
603 105 308
604 63 147
605 328 82
606 697 1035
607 798 831
608 823 460
609 486 166
610 608 256
611 421 505
612 681 1173
613 122 929
614 51 847
615 257 1190
616 824 463
617 715 689
618 656 575
619 701 471
620 111 1150
621 604 935
622 1107 631
623 986 966
624 1055 76
625 603 937
626 23 593
627 253 995
628 168 1042
629 462 1050
630 485 172
631 17 958
632 469 1057
633 981 964
634 252 996
635 800 831
636 713 689
637 321 904
638 1025 1061
639 780 572
640 853 552
641 428 517
642 320 898
643 484 709
644 613 794
645 696 1028
646 1188 367
647 10 713
648 854 551
649 319 896
650 447 9
651 1062 77
652 110 1141
653 427 880
654 781 570
655 820 464
656 1192 1048
657 945 11
658 392 604
659 1112 868
660 619 795
661 1170 750
662 822 463
663 510 395
664 176 163
665 1109 874
666 1108 628
667 610 798
668 174 159
669 885 1028
670 195 59
671 804 207
672 121 933
673 877 1028
674 1107 869
675 1019 1162
676 602 935
677 308 1085
678 857 358
679 949 126
680 144 575
681 608 259
682 556 497
683 1126 271
684 812 1160
685 547 1154
686 974 819
687 387 602
688 696 1036
689 12 957
690 258 1188
691 66 148
692 491 713
693 985 443
694 855 553
695 896 905
696 809 200
697 479 713
698 325 79
699 691 1178
700 1025 1059
701 968 637
702 881 1029
703 1061 75
704 512 397
705 475 716
706 970 236
707 24 587
708 53 843
709 982 965
710 556 495
711 1192 364
712 985 965
713 569 392
714 1103 945
715 491 277
716 119 731
717 773 343
718 1172 152
719 142 577
720 781 572
721 1114 1103
722 20 585
723 423 879
724 1191 367
725 1199 478
726 486 712
727 807 205
728 320 301
729 1024 1058
730 1021 1160
731 144 577
732 509 400
733 883 1027
734 252 992
735 391 606
736 987 437
737 481 713
738 662 577
739 776 342
740 254 1188
741 1056 77
742 333 84
743 654 585
744 958 637
745 1105 947
746 608 257
747 1123 271
748 1195 1047
749 700 471
750 811 1154
751 1195 363
752 435 9
753 323 296
754 255 779
755 17 275
756 715 693
757 253 790
758 14 587
759 1164 740
760 588 1046
761 558 497
762 424 881
763 492 281
764 169 272
765 262 783
766 568 389
767 855 552
768 897 906
769 1173 743
770 17 586
771 9 712
772 1056 73
773 307 1081
774 120 731
775 1116 1102
776 613 795
777 961 636
778 615 797
779 14 959
780 1119 272
781 1189 365
782 497 275
783 1194 481
784 392 394
785 253 779
786 551 1153
787 942 4
788 1058 76
789 114 1143
790 607 258
791 14 958
792 466 1056
793 86 407
794 124 729
795 320 907
796 192 58
797 490 171
798 806 1073
799 324 300
800 587 1047
801 1063 74
802 259 778
803 91 52
804 1024 1160
805 186 61
806 306 1083
807 653 584
808 462 1057
809 550 1150
810 1198 1048
811 493 939
812 122 732
813 804 1071
814 4 721
815 124 934
816 393 400
817 881 1022
818 459 1058
819 781 571
820 490 278
821 403 276
822 589 1048
823 559 496
824 320 901
825 324 83
826 323 899
827 252 787
828 464 1063
829 1168 744
830 714 691
831 804 200
832 469 1058
833 7 719
834 106 309
835 964 630
836 944 3
837 472 1056
838 657 162
839 485 173
840 977 828
841 609 256
842 126 729
843 857 359
844 469 1054
845 1113 1104
846 492 938
847 112 1136
848 1198 482
849 982 967
850 487 723
851 445 18
852 479 712
853 108 1140
854 690 1168
855 90 56
856 123 735
857 82 408
858 16 281
859 855 360
860 509 394
861 1125 271
862 982 823
863 946 120
864 112 306
865 973 236
866 324 87
867 977 823
868 570 393
869 854 552
870 1196 1051
871 253 1192
872 688 1161
873 699 1029
874 1106 631
875 13 957
876 267 786
877 486 174
878 879 1030
879 1117 1106
880 186 59
881 807 204
882 400 280
883 894 906
884 978 821
885 431 511
886 126 734
887 1172 150
888 119 936
889 814 23
890 322 898
891 880 1023
892 167 1045
893 309 1091
894 816 1154
895 124 937
896 13 719
897 127 934
898 855 358
899 104 1145
900 1195 485
901 427 877
902 649 578
903 1167 748
904 1060 78
905 327 80
906 458 1058
907 813 1156
908 881 1027
909 322 87
910 253 1186
911 261 660
912 782 575
913 268 653
914 175 162
915 404 276
916 553 496
917 425 508
918 817 1158
919 1170 740
920 661 160
921 980 436
922 239 505
923 1045 815
924 884 1027
925 125 933
926 10 716
927 822 464
928 700 1034
929 251 995
930 572 391
931 992 448
932 394 601
933 119 732
934 1046 816
935 232 213
936 696 19
937 487 716
938 306 1082
939 713 688
940 90 53
941 325 82
942 147 430
943 253 994
944 1058 79
945 894 909
946 805 202
947 457 1055
948 429 512
949 491 271
950 692 1175
951 120 937
952 814 1154
953 329 85
954 262 786
955 491 281
956 265 661
957 489 274
958 124 936
959 1113 869
960 713 695
961 467 1058
962 11 278
963 234 215
964 118 934
965 1104 871
966 703 469
967 234 213
968 696 1029
969 660 569
970 998 436
971 827 459
972 659 580
973 66 149
974 1025 1060
975 589 1047
976 805 198
977 105 306
978 460 1060
979 943 3
980 3 716
981 698 19
982 803 837
983 251 1188
984 1120 273
985 554 496
986 785 571
987 941 7
988 855 554
989 981 818
990 7 720
991 603 939
992 192 51
993 708 690
994 425 880
995 1116 1105
996 1122 273
997 16 283
998 699 16
999 572 389
1000 1104 868
1001 856 553
1002 1022 1060
1003 942 120
1004 975 816
1005 256 1188
1006 117 1145
1007 65 143
1008 1180 155
1009 699 23
1010 123 932
1011 88 55
1012 484 718
1013 1105 630
1014 878 1029
1015 89 57
1016 256 1187
1017 882 1024
1018 263 664
1019 426 879
1020 1172 741
1021 588 1050
1022 386 400
1023 387 401
1024 811 1161
1025 806 837
1026 1108 632
1027 304 1085
1028 1103 944
1029 610 257
1030 808 1156
1031 546 1154
1032 1047 817
1033 29 582
1034 324 91
1035 494 938
1036 894 904
1037 854 359
1038 965 633
1039 15 961
1040 947 124
1041 1120 272
1042 187 54
1043 316 1086
1044 1113 870
1045 188 61
1046 657 161
1047 111 306
1048 458 1057
1049 774 343
1050 119 733
1051 467 1057
1052 701 467
1053 1110 868
1054 804 206
1055 308 1091
1056 259 788
1057 619 798
1058 329 84
1059 17 582
1060 467 1053
1061 982 963
1062 255 1192
1063 442 21
1064 689 1170
1065 805 203
1066 1109 628
1067 827 457
1068 857 360
1069 711 688
1070 569 391
1071 1196 1045
1072 945 125
1073 311 1083
1074 1172 746
1075 1117 1105
1076 508 397
1077 441 4
1078 470 1056
1079 985 967
1080 603 936
1081 556 493
1082 546 1152
1083 251 992
1084 697 1027
1085 85 409
1086 650 581
1087 87 55
1088 63 146
1089 402 278
1090 493 938
1091 942 6
1092 1197 483
1093 939 7
1094 699 20
1095 588 1048
1096 192 62
1097 195 56
1098 807 834
1099 170 273
1100 1198 483
1101 994 440
1102 1127 272
1103 557 494
1104 654 160
1105 570 391
1106 426 876
1107 1022 1164
1108 65 153
1109 267 660
1110 1169 750
1111 1198 477
1112 169 271
1113 149 430
1114 187 58
1115 237 497
1116 947 8
1117 807 200
1118 242 501
1119 940 124
1120 820 459
1121 977 825
1122 1198 1049
