1014
0 164 223
1 294 252
2 72 128
3 279 234
4 48 118
5 200 93
6 287 305
7 0 24
8 222 244
9 376 48
10 255 196
11 176 109
12 104 31
13 356 247
14 351 355
15 244 48
16 125 144
17 346 162
18 77 202
19 94 360
20 370 88
21 298 248
22 211 326
23 264 105
24 345 31
25 308 354
26 29 375
27 345 183
28 187 316
29 363 27
30 178 145
31 168 351
32 73 41
33 50 153
34 47 223
35 110 60
36 154 68
37 78 386
38 168 97
39 176 354
40 114 212
41 137 285
42 396 342
43 189 99
44 9 224
45 378 274
46 4 14
47 355 38
48 189 191
49 307 81
50 153 375
51 36 21
52 179 294
53 278 54
54 237 257
55 123 382
56 221 320
57 397 233
58 352 36
59 212 326
60 158 126
61 83 186
62 97 297
63 14 30
64 121 111
65 275 314
66 299 178
67 382 273
68 95 173
69 95 61
70 254 208
71 319 111
72 300 179
73 335 168
74 233 336
75 297 179
76 190 329
77 33 49
78 147 298
79 367 167
80 377 303
81 199 398
82 72 368
83 119 55
84 106 279
85 205 45
86 179 366
87 43 100
88 137 392
89 305 37
90 382 37
91 151 128
92 349 342
93 134 225
94 316 373
95 360 229
96 192 271
97 158 229
98 225 214
99 209 92
100 67 124
101 368 1
102 30 177
103 38 138
104 37 116
105 35 127
106 278 370
107 162 164
108 77 80
109 309 94
110 217 2
111 248 299
112 290 146
113 393 24
114 146 206
115 53 158
116 35 392
117 219 48
118 267 257
119 259 77
120 125 19
121 182 43
122 397 103
123 342 169
124 370 61
125 165 117
126 349 166
127 74 68
128 227 22
129 397 203
130 72 314
131 366 10
132 388 5
133 322 203
134 18 218
135 363 320
136 324 281
137 316 6
138 351 165
139 80 171
140 177 358
141 313 283
142 129 100
143 88 246
144 46 207
145 18 15
146 106 391
147 173 312
148 122 172
149 389 328
150 325 192
151 169 170
152 193 130
153 326 88
154 332 339
155 146 386
156 14 350
157 320 127
158 275 373
159 347 127
160 288 171
161 144 377
162 182 389
163 248 177
164 336 160
165 120 117
166 71 220
167 240 287
168 8 173
169 35 343
170 222 106
171 213 264
172 342 171
173 12 334
174 249 383
175 100 81
176 328 305
177 110 239
178 204 293
179 272 53
180 167 340
181 93 51
182 263 308
183 173 290
184 10 335
185 388 268
186 268 120
187 170 291
188 103 261
189 63 268
190 252 133
191 383 109
192 141 330
193 384 20
194 164 55
195 102 278
196 81 183
197 0 273
198 318 253
199 206 172
200 24 324
201 136 62
202 366 95
203 52 249
204 65 287
205 23 359
206 366 391
207 79 366
208 224 366
209 47 65
210 384 193
211 277 226
212 19 54
213 285 239
214 132 320
215 204 56
216 297 127
217 159 341
218 316 235
219 386 231
220 287 6
221 210 383
222 217 360
223 3 12
224 7 312
225 236 215
226 186 217
227 204 274
228 186 379
229 115 238
230 366 86
231 181 263
232 307 7
233 145 174
234 312 249
235 135 291
236 71 53
237 306 32
238 183 185
239 321 372
240 137 323
241 48 258
242 34 164
243 0 177
244 223 187
245 6 161
246 323 17
247 149 230
248 71 139
249 323 200
250 311 98
251 382 131
252 44 243
253 319 204
254 393 361
255 107 296
256 105 302
257 153 107
258 44 104
259 398 141
260 315 265
261 86 213
262 107 28
263 97 378
264 351 210
265 343 4
266 162 194
267 189 354
268 120 116
269 383 365
270 385 249
271 60 36
272 120 245
273 0 232
274 182 241
275 200 259
276 287 296
277 320 341
278 348 18
279 24 34
280 196 331
281 14 224
282 337 256
283 249 393
284 110 353
285 18 149
286 7 171
287 284 108
288 280 2
289 125 188
290 28 26
291 396 78
292 85 166
293 44 65
294 222 212
295 323 388
296 132 336
297 262 15
298 99 175
299 33 244
300 48 171
301 115 366
302 86 183
303 370 99
304 137 106
305 333 93
306 241 367
307 350 63
308 312 136
309 238 226
310 388 114
311 382 73
312 19 20
313 94 203
314 361 368
315 71 397
316 270 284
317 289 73
318 384 317
319 50 112
320 95 37
321 172 75
322 338 233
323 382 237
324 318 16
325 197 286
326 173 149
327 116 286
328 85 371
329 366 312
330 277 91
331 291 156
332 398 186
333 327 211
334 171 73
335 199 58
336 82 338
337 48 133
338 358 243
339 123 246
340 45 313
341 251 359
342 319 251
343 225 16
344 388 196
345 5 292
346 58 258
347 288 10
348 6 182
349 50 397
350 266 34
351 31 390
352 328 44
353 116 110
354 146 89
355 206 233
356 392 136
357 296 329
358 302 382
359 32 320
360 104 38
361 256 305
362 329 301
363 113 30
364 61 390
365 180 108
366 123 354
367 71 84
368 154 301
369 222 275
370 204 341
371 277 87
372 27 363
373 294 339
374 390 347
375 253 226
376 188 117
377 374 393
378 292 324
379 193 261
380 225 244
381 372 69
382 287 266
383 149 66
384 109 198
385 270 207
386 308 319
387 352 282
388 377 308
389 236 180
390 56 139
391 232 324
392 183 35
393 250 244
394 281 142
395 278 391
396 285 323
397 350 386
398 64 354
399 368 110
400 234 243
401 306 342
402 76 263
403 65 69
404 30 105
405 30 285
406 327 208
407 6 220
408 13 335
409 186 206
410 19 388
411 188 375
412 117 108
413 48 221
414 52 270
415 361 79
416 332 84
417 206 157
418 10 202
419 292 38
420 359 134
421 102 60
422 249 395
423 381 72
424 270 257
425 300 265
426 170 160
427 268 176
428 77 208
429 258 358
430 39 336
431 303 28
432 231 135
433 85 313
434 131 238
435 123 152
436 139 127
437 8 208
438 134 126
439 366 264
440 264 46
441 376 247
442 363 151
443 153 28
444 257 177
445 254 55
446 32 47
447 248 348
448 38 163
449 29 53
450 199 161
451 392 223
452 112 190
453 28 129
454 204 256
455 168 318
456 4 336
457 285 363
458 393 147
459 388 195
460 93 282
461 300 135
462 138 303
463 84 354
464 296 389
465 239 139
466 316 252
467 365 116
468 202 222
469 201 84
470 175 304
471 240 396
472 34 291
473 226 262
474 23 333
475 305 367
476 59 385
477 240 42
478 269 347
479 64 261
480 326 18
481 294 292
482 138 6
483 43 288
484 209 1
485 139 26
486 3 373
487 284 122
488 181 99
489 217 90
490 50 114
491 268 294
492 254 60
493 349 284
494 160 155
495 387 361
496 340 357
497 6 261
498 122 40
499 338 243
500 97 282
501 284 153
502 325 204
503 257 42
504 128 384
505 201 20
506 25 285
507 182 97
508 288 192
509 62 194
510 336 136
511 239 284
512 61 203
513 73 46
514 159 394
515 146 226
516 295 197
517 261 246
518 357 133
519 126 67
520 157 373
521 6 35
522 221 34
523 99 159
524 68 377
525 179 72
526 290 98
527 313 120
528 384 388
529 305 235
530 63 344
531 383 327
532 292 298
533 6 210
534 248 106
535 228 383
536 82 300
537 387 165
538 178 280
539 60 276
540 55 150
541 174 348
542 243 229
543 314 92
544 214 49
545 289 382
546 335 208
547 205 148
548 272 252
549 198 37
550 33 173
551 113 162
552 204 231
553 100 298
554 385 211
555 368 95
556 132 253
557 232 120
558 142 214
559 274 206
560 106 188
561 384 369
562 49 100
563 235 388
564 353 384
565 246 40
566 22 205
567 77 310
568 297 290
569 382 301
570 313 15
571 137 379
572 13 148
573 139 15
574 154 277
575 146 279
576 65 277
577 282 352
578 149 393
579 383 318
580 217 325
581 259 121
582 98 58
583 383 167
584 35 92
585 78 117
586 297 113
587 36 382
588 335 7
589 80 319
590 157 98
591 28 231
592 137 241
593 371 125
594 334 67
595 305 365
596 390 173
597 279 101
598 112 168
599 344 291
600 362 66
601 225 216
602 315 358
603 191 167
604 315 260
605 218 299
606 392 121
607 135 119
608 298 230
609 230 32
610 228 88
611 116 190
612 267 177
613 253 205
614 377 309
615 10 110
616 267 91
617 169 227
618 35 77
619 181 318
620 100 314
621 344 341
622 391 299
623 121 166
624 1 246
625 181 349
626 299 268
627 302 17
628 36 394
629 220 2
630 271 217
631 112 368
632 372 167
633 81 13
634 207 93
635 302 162
636 74 301
637 233 209
638 228 140
639 96 250
640 71 256
641 337 211
642 2 192
643 388 19
644 152 141
645 295 318
646 284 327
647 148 37
648 77 336
649 221 17
650 96 231
651 252 367
652 306 130
653 213 239
654 179 25
655 70 177
656 391 371
657 125 151
658 55 284
659 373 74
660 331 178
661 303 360
662 257 229
663 283 111
664 205 20
665 178 15
666 13 215
667 349 230
668 309 130
669 360 122
670 187 58
671 375 265
672 114 151
673 79 34
674 78 139
675 226 309
676 86 368
677 146 80
678 251 115
679 163 48
680 251 354
681 197 206
682 155 378
683 153 160
684 86 170
685 371 153
686 135 31
687 185 115
688 170 134
689 232 163
690 244 147
691 176 185
692 244 212
693 170 342
694 62 249
695 94 264
696 129 334
697 309 137
698 237 144
699 261 64
700 193 284
701 299 56
702 244 124
703 298 246
704 286 283
705 146 137
706 13 249
707 346 217
708 80 255
709 248 264
710 34 66
711 64 264
712 52 240
713 115 248
714 394 33
715 180 118
716 71 311
717 142 379
718 208 338
719 58 220
720 213 302
721 395 189
722 115 73
723 304 289
724 275 86
725 155 394
726 220 177
727 350 214
728 49 198
729 186 262
730 1 215
731 219 351
732 160 156
733 338 378
734 42 80
735 272 0
736 263 219
737 67 329
738 330 239
739 148 351
740 44 75
741 350 156
742 209 167
743 199 237
744 244 179
745 262 283
746 55 328
747 253 207
748 250 108
749 29 329
750 91 148
751 286 41
752 43 226
753 32 303
754 28 271
755 104 328
756 168 261
757 322 16
758 287 19
759 2 49
760 232 0
761 37 344
762 383 306
763 362 25
764 205 243
765 50 149
766 48 208
767 48 292
768 14 329
769 43 239
770 355 171
771 192 84
772 27 102
773 209 385
774 370 92
775 396 72
776 362 303
777 14 253
778 286 300
779 37 179
780 161 108
781 328 343
782 132 373
783 366 271
784 41 273
785 369 142
786 281 121
787 236 358
788 209 45
789 73 186
790 245 120
791 54 357
792 233 140
793 237 125
794 31 69
795 47 254
796 337 381
797 44 27
798 38 92
799 281 380
800 198 172
801 266 237
802 173 388
803 16 259
804 289 389
805 144 136
806 139 332
807 72 35
808 49 142
809 375 83
810 223 343
811 189 356
812 86 180
813 8 308
814 10 300
815 69 276
816 101 197
817 315 127
818 256 340
819 102 363
820 7 139
821 204 331
822 92 23
823 79 58
824 94 79
825 317 335
826 53 127
827 330 393
828 40 306
829 97 146
830 19 174
831 223 174
832 148 129
833 370 239
834 239 126
835 55 13
836 229 333
837 368 392
838 397 352
839 63 160
840 130 4
841 366 357
842 67 374
843 164 68
844 24 95
845 309 359
846 98 35
847 144 11
848 363 295
849 192 238
850 248 398
851 394 87
852 51 121
853 136 26
854 289 137
855 155 151
856 19 21
857 67 322
858 174 1
859 122 226
860 299 243
861 86 398
862 173 227
863 269 124
864 273 49
865 342 306
866 364 359
867 167 231
868 317 188
869 390 83
870 177 13
871 219 25
872 51 184
873 383 230
874 338 201
875 132 147
876 94 69
877 177 275
878 120 54
879 199 223
880 148 102
881 153 215
882 21 29
883 314 235
884 90 116
885 331 335
886 327 225
887 218 278
888 277 240
889 164 205
890 123 173
891 273 269
892 244 301
893 55 28
894 240 43
895 367 213
896 316 22
897 223 159
898 332 34
899 275 355
900 157 63
901 231 356
902 288 227
903 212 66
904 346 360
905 45 178
906 26 26
907 394 306
908 323 119
909 136 145
910 23 245
911 392 183
912 383 203
913 240 135
914 160 375
915 235 260
916 122 103
917 209 54
918 118 2
919 262 85
920 200 95
921 50 223
922 239 399
923 317 123
924 157 35
925 308 184
926 19 369
927 338 197
928 202 149
929 125 390
930 15 351
931 58 194
932 265 155
933 308 106
934 220 357
935 89 134
936 301 385
937 105 272
938 278 316
939 149 383
940 350 352
941 89 46
942 361 380
943 135 46
944 148 240
945 149 350
946 189 15
947 117 50
948 380 102
949 195 7
950 165 379
951 3 333
952 329 233
953 253 50
954 61 87
955 13 225
956 322 386
957 207 54
958 318 85
959 128 263
960 228 329
961 334 80
962 63 292
963 246 265
964 391 47
965 29 4
966 216 300
967 241 56
968 2 107
969 47 77
970 80 338
971 104 233
972 17 269
973 61 308
974 319 203
975 284 130
976 273 256
977 47 10
978 79 12
979 38 195
980 114 397
981 127 47
982 197 45
983 126 337
984 271 0
985 288 387
986 372 190
987 328 114
988 270 398
989 238 320
990 264 204
991 226 15
992 397 255
993 54 257
994 208 122
995 343 131
996 238 396
997 137 7
998 23 199
999 76 374
1000 179 164
1001 334 221
1002 332 21
1003 361 150
1004 177 74
1005 136 156
1006 230 299
1007 356 117
1008 244 281
1009 321 309
1010 267 110
1011 168 369
1012 224 98
1013 281 263
