6257
0 58 1411
1 1908 462
2 1634 261
3 1372 357
4 1908 549
5 1346 281
6 1340 303
7 1563 250
8 625 49
9 543 4
10 1528 241
11 1370 525
12 661 60
13 1990 407
14 645 57
15 1400 372
16 1384 249
17 1331 481
18 1831 521
19 1865 566
20 1555 264
21 1561 197
22 1875 451
23 1351 456
24 1978 504
25 1379 432
26 1764 492
27 1401 302
28 1607 314
29 10 1458
30 1345 372
31 112 1388
32 1357 322
33 1782 450
34 1867 506
35 1892 437
36 1587 224
37 1362 272
38 680 26
39 1320 302
40 1590 183
41 1886 513
42 617 9
43 1571 250
44 1322 526
45 1937 427
46 1375 405
47 1826 441
48 1939 423
49 582 53
50 586 64
51 1324 461
52 1314 440
53 1360 467
54 1546 258
55 1559 270
56 1836 548
57 1368 299
58 1826 442
59 1387 305
60 1832 584
61 1619 261
62 649 35
63 1603 281
64 1614 293
65 1928 528
66 1986 403
67 1852 491
68 1597 242
69 1334 409
70 1369 493
71 1378 259
72 1469 250
73 1599 238
74 1386 499
75 672 61
76 1864 508
77 1519 226
78 1559 199
79 1939 390
80 1915 560
81 110 1406
82 1303 433
83 52 1514
84 1950 525
85 1903 472
86 1603 291
87 1350 308
88 1559 279
89 1952 457
90 1499 241
91 1774 471
92 1846 447
93 1803 460
94 631 97
95 1901 524
96 1333 336
97 1543 219
98 1539 231
99 1572 257
100 1583 228
101 1849 497
102 1410 352
103 1506 236
104 1871 562
105 1634 221
106 1789 448
107 590 76
108 1596 277
109 1345 456
110 1934 526
111 1782 452
112 1314 386
113 564 19
114 1985 525
115 1636 270
116 1364 339
117 1400 332
118 1858 508
119 1281 485
120 551 1
121 1937 489
122 1552 269
123 1807 458
124 1556 280
125 1579 307
126 1988 405
127 1393 432
128 1300 470
129 1845 430
130 628 25
131 583 31
132 41 1448
133 1945 538
134 1518 279
135 694 21
136 1917 459
137 1891 432
138 1368 334
139 1885 517
140 1616 267
141 1919 464
142 1921 526
143 1352 389
144 1335 397
145 1916 429
146 1369 299
147 593 67
148 1322 470
149 1922 422
150 1565 289
151 641 81
152 1981 502
153 1287 479
154 1385 454
155 687 34
156 1883 525
157 1613 260
158 1576 241
159 1363 388
160 1516 256
161 1858 463
162 1615 257
163 1309 353
164 637 31
165 1523 256
166 603 90
167 590 15
168 1585 224
169 1610 275
170 1353 407
171 1934 498
172 1587 298
173 1798 462
174 1811 468
175 1605 310
176 1285 423
177 114 1528
178 1361 404
179 1597 206
180 602 98
181 1898 431
182 1344 532
183 1319 539
184 575 0
185 1831 482
186 61 1502
187 1814 397
188 1961 455
189 1328 537
190 20 1373
191 1299 396
192 1909 430
193 1587 212
194 1888 516
195 1936 457
196 1620 240
197 1592 296
198 1546 255
199 1930 473
200 1631 220
201 1363 386
202 86 1554
203 710 4
204 1324 288
205 70 1432
206 1627 192
207 1303 324
208 81 1533
209 1843 544
210 1917 474
211 1531 206
212 1810 453
213 598 117
214 571 45
215 1837 505
216 1542 252
217 1825 474
218 1897 469
219 1938 436
220 1598 212
221 665 12
222 1565 253
223 1621 241
224 1958 470
225 1935 523
226 1510 216
227 68 1535
228 1352 327
229 1314 401
230 1299 420
231 1305 445
232 1818 508
233 1594 245
234 1613 270
235 79 1386
236 1981 514
237 589 41
238 1952 389
239 1662 238
240 1570 180
241 691 37
242 1568 270
243 1625 254
244 1844 548
245 1955 458
246 89 1366
247 1287 443
248 1644 202
249 1550 238
250 643 8
251 684 17
252 623 46
253 1922 546
254 1282 448
255 632 112
256 1800 415
257 1329 313
258 1945 463
259 1331 346
260 1320 527
261 1334 390
262 1580 262
263 1911 537
264 622 93
265 659 37
266 1867 517
267 1360 405
268 1362 300
269 583 77
270 1926 550
271 1844 519
272 1828 490
273 1882 543
274 1610 228
275 1582 253
276 1650 247
277 597 73
278 555 35
279 1606 229
280 613 84
281 1804 495
282 1367 300
283 1292 476
284 1580 213
285 1899 532
286 1303 468
287 1354 404
288 1856 543
289 1934 444
290 1310 491
291 554 15
292 1304 498
293 1310 446
294 1298 440
295 1371 240
296 1896 505
297 1923 483
298 1866 429
299 1444 296
300 1368 392
301 1352 510
302 1846 487
303 1953 452
304 635 47
305 1367 322
306 1854 523
307 1833 492
308 1337 421
309 570 23
310 1867 431
311 1365 380
312 1331 514
313 1399 445
314 1537 249
315 56 1495
316 1864 474
317 1890 474
318 1802 458
319 1611 290
320 659 78
321 1420 346
322 1369 313
323 1347 361
324 1851 566
325 1319 532
326 597 58
327 1621 259
328 1646 237
329 1321 454
330 1324 497
331 1889 407
332 1301 499
333 103 1543
334 1354 495
335 77 1409
336 1537 242
337 596 41
338 1325 534
339 630 50
340 1594 296
341 1897 463
342 1366 503
343 1572 258
344 1588 298
345 1573 203
346 1789 435
347 79 1334
348 1821 458
349 1781 486
350 1591 249
351 563 29
352 1530 260
353 632 74
354 1323 530
355 1426 337
356 50 1356
357 1564 222
358 1861 454
359 1353 472
360 1887 442
361 1626 257
362 1356 335
363 1789 473
364 1367 435
365 1990 500
366 1624 228
367 1362 317
368 1365 461
369 1319 527
370 1836 484
371 1921 535
372 1389 344
373 1312 292
374 1433 326
375 1323 504
376 1309 459
377 1820 518
378 623 30
379 1804 457
380 1421 318
381 1539 235
382 1341 497
383 1816 539
384 1637 210
385 69 1485
386 1273 453
387 67 1609
388 63 1407
389 1501 224
390 1332 394
391 1970 528
392 1539 285
393 1873 508
394 1347 462
395 1368 496
396 1844 442
397 1522 261
398 1607 311
399 1429 346
400 1540 196
401 1565 270
402 1269 432
403 1885 435
404 1935 501
405 1816 518
406 1857 510
407 1332 542
408 587 97
409 1299 323
410 1608 243
411 1332 297
412 1293 392
413 1829 498
414 1646 248
415 1860 431
416 1518 289
417 1607 228
418 73 1370
419 1882 442
420 669 55
421 1959 457
422 641 58
423 680 47
424 1388 308
425 1814 399
426 1903 462
427 82 1486
428 1312 362
429 1407 475
430 1380 255
431 627 22
432 114 1337
433 51 1348
434 1521 204
435 1820 547
436 1626 301
437 1334 382
438 649 43
439 582 47
440 1949 535
441 1288 449
442 1832 471
443 1852 494
444 652 4
445 636 56
446 1403 470
447 1942 411
448 1374 493
449 1331 435
450 1593 255
451 1368 379
452 1320 530
453 1328 363
454 625 118
455 1569 239
456 1571 281
457 1812 398
458 639 103
459 1886 425
460 1953 533
461 1321 354
462 1354 348
463 567 3
464 1900 388
465 1345 477
466 1368 339
467 1353 373
468 1902 481
469 1358 444
470 1990 502
471 1375 485
472 1885 531
473 655 64
474 1607 240
475 1341 499
476 1360 256
477 1531 195
478 1661 241
479 1268 465
480 1798 541
481 1910 460
482 1895 460
483 1900 568
484 1331 417
485 1621 242
486 610 103
487 654 72
488 1622 275
489 1851 561
490 1631 232
491 1867 564
492 63 1543
493 1362 266
494 1819 456
495 627 113
496 1329 289
497 1838 432
498 1369 253
499 1306 289
500 558 16
501 1827 472
502 1554 213
503 1822 465
504 1584 214
505 1954 521
506 1306 500
507 96 1401
508 1362 405
509 1372 395
510 588 40
511 1914 530
512 1527 237
513 48 1342
514 1372 365
515 622 46
516 1519 207
517 624 15
518 72 1569
519 1833 435
520 1574 234
521 1365 510
522 1335 299
523 1404 470
524 1337 493
525 1896 499
526 584 6
527 1861 503
528 1561 248
529 30 1332
530 1398 473
531 1840 480
532 1367 437
533 1347 505
534 1811 431
535 1988 402
536 1898 417
537 1545 203
538 1370 534
539 88 1448
540 63 1428
541 1958 540
542 1553 170
543 1842 454
544 1553 210
545 1353 282
546 1631 276
547 57 1598
548 1870 500
549 93 1543
550 1379 353
551 639 71
552 1389 409
553 1430 303
554 1878 574
555 1541 265
556 1289 437
557 1809 512
558 663 64
559 1557 269
560 630 105
561 1866 535
562 1353 508
563 1829 526
564 1395 483
565 1912 412
566 1815 528
567 81 1557
568 1869 489
569 645 50
570 1871 424
571 124 1406
572 1281 444
573 559 40
574 1897 467
575 1594 289
576 1580 196
577 99 1479
578 642 55
579 628 48
580 1782 474
581 1826 503
582 101 1458
583 1597 202
584 1898 524
585 1293 334
586 131 1387
587 62 1458
588 1333 490
589 1287 460
590 1882 468
591 1524 294
592 1396 503
593 1854 501
594 1289 460
595 1564 200
596 1365 385
597 641 82
598 616 112
599 1640 279
600 550 9
601 1821 460
602 1550 264
603 1296 493
604 1575 268
605 617 97
606 75 1470
607 1646 226
608 1844 455
609 1945 529
610 547 4
611 102 1513
612 1616 294
613 1416 342
614 1869 428
615 1612 229
616 1593 277
617 46 1466
618 1349 531
619 75 1614
620 1903 390
621 1379 258
622 75 1502
623 88 1450
624 1832 523
625 1350 318
626 1894 444
627 1372 453
628 1857 443
629 1633 240
630 1446 276
631 1808 517
632 1367 338
633 1329 303
634 1966 482
635 1320 403
636 1581 219
637 642 46
638 1921 549
639 1408 480
640 1361 367
641 654 66
642 631 52
643 1326 365
644 1910 467
645 659 6
646 1582 288
647 1370 310
648 1791 436
649 547 21
650 1539 264
651 622 81
652 1582 212
653 1537 301
654 1609 310
655 1893 470
656 1348 500
657 604 86
658 1352 343
659 1531 214
660 1516 272
661 77 1593
662 1627 212
663 641 5
664 632 52
665 1407 317
666 543 8
667 1800 468
668 1889 524
669 1860 497
670 1301 335
671 1415 345
672 1389 326
673 1535 293
674 1982 490
675 1548 283
676 104 1347
677 1442 293
678 1357 365
679 612 119
680 537 3
681 1579 236
682 1523 260
683 1432 335
684 1311 413
685 1568 276
686 1584 226
687 1369 451
688 1313 499
689 1359 308
690 59 1538
691 1389 411
692 55 1531
693 1823 484
694 1292 448
695 1586 294
696 1392 466
697 1339 509
698 1283 437
699 1351 335
700 81 1504
701 1363 438
702 559 27
703 1374 484
704 1593 309
705 99 1498
706 580 79
707 1544 279
708 62 1519
709 1586 248
710 1347 479
711 1330 408
712 1837 555
713 1576 300
714 687 7
715 1974 421
716 1793 508
717 573 5
718 1458 293
719 1787 489
720 1403 475
721 1573 278
722 1334 364
723 1521 257
724 1931 533
725 1334 411
726 1308 464
727 634 75
728 1926 391
729 1610 231
730 1575 217
731 1345 406
732 1586 255
733 1812 515
734 1574 295
735 1335 326
736 1905 478
737 1979 436
738 1512 259
739 1338 450
740 1535 266
741 91 1565
742 1352 323
743 1933 427
744 591 89
745 1933 408
746 643 40
747 1528 273
748 1363 252
749 1581 209
750 1901 568
751 1863 417
752 1556 238
753 1301 450
754 1946 431
755 584 53
756 1324 296
757 1593 217
758 1299 412
759 1306 463
760 1364 441
761 1849 455
762 1960 510
763 1292 492
764 661 83
765 1283 474
766 1345 312
767 1361 254
768 1938 508
769 1379 367
770 111 1513
771 1824 392
772 1589 230
773 92 1472
774 1534 202
775 1548 282
776 634 90
777 1925 452
778 1304 541
779 1330 340
780 1896 503
781 1348 438
782 1363 306
783 596 118
784 1376 338
785 1539 229
786 1921 469
787 1285 441
788 1611 304
789 1309 287
790 1301 409
791 1510 262
792 1914 563
793 1310 316
794 1932 435
795 1320 419
796 1898 402
797 1576 269
798 1357 453
799 77 1565
800 1873 421
801 1623 262
802 1301 311
803 1422 327
804 632 5
805 1633 231
806 1413 312
807 586 41
808 1628 260
809 1815 474
810 1359 310
811 1351 472
812 1323 411
813 1774 490
814 1424 349
815 1874 494
816 646 8
817 625 4
818 1571 267
819 1823 508
820 1870 512
821 1812 434
822 1291 315
823 1936 501
824 1302 451
825 1539 250
826 1905 407
827 594 76
828 1368 461
829 1294 431
830 666 34
831 1623 245
832 1365 443
833 1593 204
834 1814 486
835 1810 436
836 1381 255
837 27 1351
838 1633 293
839 1358 284
840 1827 471
841 1820 508
842 1813 528
843 1324 275
844 1899 559
845 1332 291
846 601 53
847 627 127
848 1407 349
849 651 66
850 655 31
851 115 1340
852 1374 491
853 1821 428
854 1622 217
855 607 89
856 1501 245
857 1288 400
858 1314 493
859 613 73
860 1828 545
861 1925 428
862 1851 439
863 1375 312
864 1858 502
865 1546 235
866 1351 427
867 1369 298
868 1862 428
869 107 1432
870 1311 400
871 1344 431
872 1558 191
873 573 6
874 1334 426
875 617 49
876 1600 249
877 605 30
878 1835 481
879 1879 474
880 1532 252
881 1351 321
882 1288 464
883 1619 310
884 1510 256
885 1288 376
886 1297 358
887 1915 471
888 1875 490
889 1832 504
890 1910 414
891 645 40
892 1462 258
893 569 9
894 680 9
895 1294 494
896 648 39
897 1866 453
898 1279 449
899 1905 567
900 1336 479
901 106 1385
902 1549 231
903 1522 206
904 686 21
905 1789 439
906 1617 234
907 89 1375
908 612 28
909 1608 237
910 1320 464
911 550 26
912 67 1578
913 1329 352
914 628 10
915 1973 424
916 1604 265
917 1359 394
918 561 27
919 1882 491
920 1626 232
921 608 29
922 1824 476
923 1581 231
924 1890 430
925 1547 263
926 1907 557
927 1423 359
928 64 1496
929 79 1482
930 1884 527
931 1831 446
932 1384 430
933 1799 448
934 1313 278
935 1495 245
936 1549 247
937 1841 475
938 1827 520
939 1529 215
940 1383 486
941 1451 295
942 1371 349
943 1835 517
944 1896 417
945 1909 539
946 1861 534
947 1647 215
948 1569 258
949 1329 429
950 1327 417
951 1415 305
952 1571 286
953 1871 482
954 1522 234
955 650 67
956 1879 438
957 555 9
958 602 96
959 1941 538
960 1623 217
961 1961 403
962 1771 486
963 1850 433
964 1548 186
965 1589 286
966 1310 479
967 1878 421
968 1333 394
969 1587 254
970 1937 493
971 1860 499
972 1376 449
973 636 75
974 1396 495
975 1815 456
976 1413 328
977 1885 553
978 1348 391
979 1797 401
980 1648 254
981 1367 420
982 679 38
983 1376 493
984 603 27
985 1857 458
986 1644 254
987 1931 448
988 118 1327
989 611 111
990 1332 519
991 1 1428
992 1518 222
993 1812 500
994 653 92
995 1382 249
996 1930 488
997 1944 541
998 1311 498
999 1845 419
1000 1789 450
1001 1816 497
1002 1859 522
1003 1274 475
1004 1615 236
1005 1352 340
1006 1830 493
1007 1339 447
1008 1328 442
1009 1554 258
1010 1381 431
1011 1646 253
1012 1763 500
1013 1834 429
1014 1359 468
1015 1913 460
1016 1530 267
1017 636 28
1018 1925 501
1019 1356 420
1020 15 1291
1021 1365 450
1022 654 25
1023 688 23
1024 1795 490
1025 1346 295
1026 1803 535
1027 1547 240
1028 1391 347
1029 1351 365
1030 1303 541
1031 549 35
1032 1845 442
1033 689 36
1034 1368 493
1035 1550 204
1036 1300 490
1037 1819 476
1038 1569 189
1039 1951 482
1040 1352 440
1041 1535 254
1042 1586 214
1043 1354 472
1044 1349 483
1045 626 91
1046 1611 273
1047 1453 275
1048 1925 489
1049 665 1
1050 661 34
1051 1985 534
1052 606 82
1053 1406 356
1054 1304 389
1055 1304 420
1056 1324 478
1057 1600 275
1058 1289 369
1059 1336 544
1060 1344 465
1061 1883 422
1062 1344 315
1063 107 1331
1064 1819 466
1065 1515 283
1066 1616 217
1067 1931 489
1068 1613 279
1069 1827 486
1070 1365 496
1071 1523 214
1072 1986 543
1073 1827 425
1074 1861 434
1075 603 1
1076 62 1522
1077 686 7
1078 1799 412
1079 596 69
1080 668 33
1081 641 83
1082 648 50
1083 1828 499
1084 1589 201
1085 1272 417
1086 1847 529
1087 659 30
1088 1891 451
1089 1374 322
1090 51 1455
1091 1833 508
1092 674 24
1093 1293 317
1094 1388 489
1095 613 37
1096 1808 450
1097 1359 521
1098 1845 460
1099 1944 508
1100 1574 224
1101 1803 451
1102 1965 526
1103 1829 468
1104 1364 447
1105 1605 276
1106 1892 457
1107 1819 541
1108 1968 467
1109 1857 418
1110 1604 238
1111 1588 218
1112 1528 236
1113 1567 182
1114 568 57
1115 1842 463
1116 1330 365
1117 1339 397
1118 1846 476
1119 1539 292
1120 1587 203
1121 639 32
1122 1570 295
1123 1822 467
1124 1382 344
1125 1884 542
1126 1836 474
1127 661 56
1128 665 62
1129 1957 482
1130 1850 568
1131 1804 502
1132 1896 403
1133 1365 523
1134 1855 567
1135 598 21
1136 20 1437
1137 1332 391
1138 1881 559
1139 1814 521
1140 1884 424
1141 1286 422
1142 1327 470
1143 1347 418
1144 1963 497
1145 1348 421
1146 63 1351
1147 1882 519
1148 1551 278
1149 1324 357
1150 98 1502
1151 1505 221
1152 609 27
1153 1545 220
1154 1405 332
1155 74 1496
1156 1860 552
1157 1540 186
1158 1805 490
1159 1595 250
1160 1367 248
1161 1352 324
1162 1291 345
1163 1938 493
1164 1343 430
1165 1602 210
1166 1519 238
1167 1574 268
1168 572 51
1169 106 1358
1170 1891 439
1171 636 15
1172 1869 430
1173 1330 421
1174 1280 467
1175 1594 302
1176 100 1378
1177 1845 531
1178 1564 293
1179 1867 472
1180 617 31
1181 603 110
1182 1597 282
1183 1590 213
1184 1821 466
1185 1378 414
1186 574 7
1187 1589 207
1188 659 21
1189 1529 291
1190 1296 432
1191 1978 515
1192 1991 513
1193 1295 429
1194 1863 513
1195 1857 560
1196 1614 252
1197 1562 283
1198 1860 461
1199 1530 214
1200 616 99
1201 1595 185
1202 1302 467
1203 1310 418
1204 1356 447
1205 1648 226
1206 1638 295
1207 634 50
1208 1573 294
1209 1833 445
1210 1642 237
1211 1917 456
1212 1284 420
1213 640 102
1214 1392 294
1215 607 122
1216 1308 430
1217 91 1475
1218 1350 529
1219 1783 469
1220 1331 470
1221 1546 201
1222 1995 477
1223 1613 241
1224 1345 395
1225 1349 447
1226 684 22
1227 606 104
1228 1824 550
1229 1363 315
1230 1393 315
1231 1542 282
1232 1949 472
1233 1328 502
1234 611 70
1235 1551 214
1236 1913 494
1237 1994 536
1238 1345 364
1239 1597 300
1240 1366 349
1241 21 1448
1242 1331 444
1243 625 46
1244 1862 426
1245 1633 286
1246 1639 282
1247 1404 312
1248 15 1371
1249 69 1577
1250 1798 409
1251 1275 405
1252 1817 429
1253 1819 502
1254 1856 443
1255 1911 477
1256 1915 400
1257 1368 479
1258 1557 281
1259 664 65
1260 1878 575
1261 1419 346
1262 1855 466
1263 1611 241
1264 98 1421
1265 1590 258
1266 51 1503
1267 1405 321
1268 1339 371
1269 1333 456
1270 694 42
1271 1906 565
1272 1977 442
1273 101 1410
1274 1918 527
1275 1619 235
1276 1376 459
1277 1858 444
1278 626 0
1279 1591 296
1280 1915 413
1281 1643 252
1282 659 43
1283 1342 348
1284 604 60
1285 1524 247
1286 1827 551
1287 1546 182
1288 1951 539
1289 1814 432
1290 1902 450
1291 1574 235
1292 1618 286
1293 1901 462
1294 69 1521
1295 1774 485
1296 1446 293
1297 1840 451
1298 1813 439
1299 1896 454
1300 1807 500
1301 1935 511
1302 660 62
1303 566 29
1304 607 39
1305 1455 265
1306 61 1522
1307 1538 214
1308 669 31
1309 1569 278
1310 1904 463
1311 1316 449
1312 1289 432
1313 579 1
1314 1930 530
1315 1891 444
1316 592 54
1317 1901 415
1318 1395 444
1319 1873 482
1320 636 61
1321 1330 456
1322 1862 451
1323 1912 492
1324 608 92
1325 569 12
1326 1938 383
1327 1561 302
1328 98 1299
1329 1917 475
1330 1896 405
1331 1811 534
1332 1792 462
1333 1283 470
1334 1582 295
1335 1865 505
1336 1823 504
1337 1331 330
1338 646 79
1339 1399 484
1340 1549 202
1341 1928 438
1342 663 30
1343 614 51
1344 1446 294
1345 110 1526
1346 1308 441
1347 1995 527
1348 1403 302
1349 635 84
1350 1333 366
1351 1332 397
1352 1549 252
1353 647 31
1354 1902 476
1355 1326 304
1356 1451 283
1357 1300 295
1358 1512 218
1359 670 55
1360 1857 481
1361 1489 235
1362 588 90
1363 1345 487
1364 1838 479
1365 1834 550
1366 1379 416
1367 1342 402
1368 1570 284
1369 1293 358
1370 584 70
1371 1332 512
1372 1808 538
1373 1305 373
1374 1542 268
1375 1334 492
1376 1803 484
1377 1843 567
1378 1372 466
1379 1308 397
1380 1826 426
1381 1901 398
1382 84 1390
1383 1893 410
1384 1332 389
1385 1365 504
1386 661 5
1387 51 1433
1388 563 5
1389 1804 507
1390 1645 228
1391 1628 235
1392 648 57
1393 1332 271
1394 594 102
1395 1574 221
1396 1348 482
1397 1855 533
1398 1369 455
1399 57 1484
1400 1924 540
1401 1377 359
1402 1338 420
1403 1594 259
1404 1353 478
1405 1953 496
1406 1818 537
1407 1369 355
1408 1404 361
1409 89 1529
1410 1599 231
1411 1324 396
1412 1576 308
1413 1818 515
1414 1523 265
1415 1868 531
1416 612 69
1417 1547 250
1418 59 1493
1419 1387 427
1420 1423 297
1421 1809 484
1422 1859 437
1423 1817 541
1424 1361 378
1425 1634 300
1426 1328 361
1427 1891 539
1428 1360 390
1429 1850 539
1430 76 1564
1431 1565 279
1432 1364 497
1433 1374 379
1434 1912 501
1435 589 32
1436 1329 471
1437 1293 433
1438 1634 245
1439 634 8
1440 697 30
1441 1608 240
1442 1956 410
1443 1843 570
1444 1387 377
1445 1898 498
1446 1598 261
1447 1893 547
1448 1903 538
1449 105 1535
1450 1924 440
1451 1997 494
1452 53 1364
1453 1954 415
1454 1915 444
1455 1379 482
1456 1821 473
1457 1586 200
1458 1840 541
1459 1804 551
1460 1389 427
1461 623 3
1462 1405 346
1463 1598 231
1464 1577 233
1465 1901 515
1466 115 1525
1467 1895 456
1468 1584 312
1469 1374 364
1470 1347 349
1471 1612 203
1472 1393 504
1473 1952 422
1474 1908 460
1475 1838 511
1476 1297 443
1477 1330 339
1478 1574 259
1479 1293 436
1480 1873 446
1481 62 1582
1482 1862 485
1483 1313 367
1484 1941 475
1485 1609 236
1486 1935 445
1487 1284 470
1488 1527 214
1489 649 17
1490 1888 519
1491 72 1550
1492 1877 416
1493 1925 451
1494 1795 437
1495 1333 304
1496 1371 384
1497 1948 526
1498 1535 196
1499 1377 262
1500 591 30
1501 1313 492
1502 1901 493
1503 1367 343
1504 1296 362
1505 1892 570
1506 80 1299
1507 1546 208
1508 1626 217
1509 1343 523
1510 1586 213
1511 593 105
1512 610 13
1513 1998 541
1514 1892 518
1515 77 1509
1516 1401 369
1517 1609 197
1518 1848 480
1519 1333 504
1520 1400 445
1521 1601 292
1522 594 83
1523 1618 270
1524 1841 535
1525 1524 202
1526 1982 535
1527 1841 509
1528 1356 455
1529 1821 507
1530 1356 293
1531 1376 324
1532 1566 217
1533 1632 257
1534 1640 217
1535 1881 452
1536 1870 466
1537 1574 277
1538 1919 511
1539 1302 349
1540 1835 440
1541 1572 226
1542 1360 264
1543 1894 413
1544 681 37
1545 619 52
1546 1353 325
1547 586 88
1548 1608 307
1549 1944 494
1550 1969 510
1551 1383 457
1552 1862 473
1553 1828 550
1554 602 12
1555 1308 506
1556 1653 224
1557 1814 470
1558 1801 493
1559 1842 569
1560 1336 529
1561 1950 505
1562 639 63
1563 1858 556
1564 1886 521
1565 1597 280
1566 68 1540
1567 1286 334
1568 626 100
1569 1931 501
1570 1574 275
1571 1361 253
1572 1438 293
1573 631 69
1574 1596 210
1575 1362 306
1576 1811 446
1577 1351 312
1578 1384 338
1579 1887 429
1580 1853 541
1581 1574 258
1582 1923 418
1583 1358 466
1584 1632 303
1585 57 1595
1586 75 1504
1587 1358 365
1588 1348 364
1589 1529 258
1590 1332 455
1591 1840 547
1592 1558 308
1593 1551 300
1594 101 1496
1595 1571 207
1596 1382 475
1597 1935 499
1598 1908 445
1599 1364 536
1600 666 5
1601 111 1416
1602 1320 451
1603 84 1484
1604 1861 482
1605 1392 465
1606 1781 457
1607 1596 229
1608 1853 522
1609 1575 253
1610 1398 501
1611 1614 235
1612 1908 390
1613 1387 380
1614 1363 539
1615 1296 318
1616 101 1528
1617 1851 508
1618 1438 284
1619 1347 308
1620 1609 191
1621 1923 453
1622 1544 259
1623 1802 483
1624 59 1284
1625 1788 492
1626 1299 295
1627 1302 474
1628 1329 433
1629 1951 531
1630 1334 502
1631 1650 254
1632 1365 526
1633 1361 431
1634 1862 424
1635 1832 470
1636 1316 361
1637 571 35
1638 1366 401
1639 1896 464
1640 1828 485
1641 1585 261
1642 1631 293
1643 1397 500
1644 1370 291
1645 620 34
1646 1860 476
1647 1560 197
1648 1532 280
1649 1334 322
1650 1838 496
1651 601 72
1652 118 1539
1653 72 1582
1654 1602 228
1655 1538 234
1656 43 1300
1657 1365 525
1658 1452 269
1659 1298 383
1660 1589 257
1661 1364 483
1662 1355 485
1663 1913 438
1664 1823 442
1665 1619 238
1666 1284 438
1667 1395 474
1668 1520 227
1669 1793 444
1670 626 118
1671 1371 468
1672 1871 468
1673 61 1586
1674 588 69
1675 1381 373
1676 568 23
1677 1610 249
1678 66 1376
1679 61 1489
1680 622 83
1681 1555 263
1682 1311 358
1683 1827 440
1684 664 42
1685 1455 274
1686 1382 402
1687 1808 502
1688 1290 467
1689 1334 503
1690 608 15
1691 1318 423
1692 1987 526
1693 1568 298
1694 1384 437
1695 1558 179
1696 639 67
1697 1340 465
1698 1372 382
1699 1373 533
1700 1515 281
1701 1561 250
1702 69 1471
1703 1343 428
1704 1852 507
1705 1884 548
1706 1998 520
1707 1611 212
1708 1535 288
1709 1522 229
1710 1636 227
1711 87 1462
1712 1637 222
1713 604 7
1714 1919 486
1715 1881 427
1716 1889 424
1717 1349 489
1718 594 50
1719 1344 311
1720 1854 561
1721 1808 505
1722 1946 389
1723 1809 453
1724 1394 481
1725 1613 217
1726 1377 398
1727 1653 253
1728 1560 188
1729 548 28
1730 637 86
1731 1809 475
1732 1871 438
1733 1351 356
1734 636 63
1735 1329 348
1736 1619 191
1737 54 1505
1738 648 43
1739 1601 301
1740 1867 559
1741 675 10
1742 1928 433
1743 1290 462
1744 1351 509
1745 1902 464
1746 1925 423
1747 1559 294
1748 1842 442
1749 1392 413
1750 1404 329
1751 1893 397
1752 1589 245
1753 1328 332
1754 1367 389
1755 1976 543
1756 1313 399
1757 571 33
1758 1337 347
1759 1804 451
1760 1333 381
1761 1357 523
1762 1810 550
1763 1589 224
1764 58 1316
1765 1903 413
1766 1880 454
1767 1884 446
1768 1942 426
1769 660 41
1770 1357 372
1771 1622 212
1772 1812 527
1773 1356 317
1774 1832 552
1775 1380 478
1776 1962 429
1777 1652 246
1778 1385 395
1779 1854 433
1780 1279 374
1781 1908 419
1782 619 20
1783 1335 306
1784 1844 583
1785 1843 559
1786 1616 209
1787 1348 459
1788 1858 450
1789 1846 499
1790 1357 362
1791 594 94
1792 1363 345
1793 1374 349
1794 1517 230
1795 1366 484
1796 1319 429
1797 1565 268
1798 1830 457
1799 1804 523
1800 663 43
1801 1390 454
1802 1843 506
1803 1374 476
1804 1566 208
1805 1336 490
1806 680 19
1807 1784 497
1808 1384 407
1809 1519 282
1810 1594 283
1811 558 3
1812 1998 527
1813 1854 525
1814 1923 443
1815 1361 395
1816 611 45
1817 1860 466
1818 681 30
1819 1297 468
1820 84 1521
1821 1589 210
1822 1826 544
1823 1606 216
1824 611 113
1825 1562 223
1826 1628 227
1827 1864 461
1828 1584 259
1829 1368 315
1830 666 82
1831 1614 200
1832 1532 299
1833 24 1302
1834 1807 479
1835 1901 426
1836 1866 506
1837 107 1541
1838 1367 274
1839 1535 236
1840 1553 226
1841 1372 367
1842 1354 354
1843 1358 452
1844 1830 424
1845 1811 526
1846 1370 387
1847 1852 440
1848 668 59
1849 1986 505
1850 1917 462
1851 1614 219
1852 1359 535
1853 1316 501
1854 1583 225
1855 1990 421
1856 1871 442
1857 1359 317
1858 1605 232
1859 1585 288
1860 1542 219
1861 638 65
1862 1949 455
1863 1525 233
1864 1648 245
1865 1314 417
1866 1317 445
1867 1854 558
1868 1379 526
1869 1361 389
1870 1306 441
1871 1393 318
1872 1816 559
1873 1869 431
1874 1871 455
1875 1495 233
1876 1891 407
1877 1376 392
1878 612 126
1879 1334 292
1880 1335 406
1881 1428 334
1882 1937 380
1883 1403 351
1884 1634 285
1885 1345 439
1886 76 1544
1887 1896 407
1888 1899 442
1889 1892 416
1890 1822 540
1891 1625 202
1892 1507 217
1893 1603 255
1894 1651 244
1895 95 1554
1896 1566 203
1897 1850 501
1898 1291 371
1899 1344 513
1900 1923 512
1901 1590 207
1902 1786 457
1903 620 0
1904 1626 221
1905 1387 498
1906 1874 512
1907 1616 226
1908 1354 407
1909 1359 440
1910 1532 270
1911 1865 464
1912 1817 519
1913 65 1541
1914 583 44
1915 1782 496
1916 1356 417
1917 1868 551
1918 1366 446
1919 631 45
1920 1593 257
1921 1915 451
1922 598 27
1923 1871 525
1924 1387 295
1925 600 3
1926 1917 492
1927 1357 417
1928 1527 227
1929 646 17
1930 1928 461
1931 1565 215
1932 1521 209
1933 1397 447
1934 624 0
1935 1329 494
1936 1869 450
1937 1381 412
1938 596 52
1939 1850 570
1940 1359 520
1941 1559 309
1942 1370 315
1943 1863 505
1944 65 1506
1945 1620 281
1946 1361 327
1947 1302 373
1948 688 38
1949 1567 276
1950 613 46
1951 1370 254
1952 1553 240
1953 1562 187
1954 566 55
1955 1592 242
1956 1571 285
1957 1880 563
1958 600 56
1959 624 102
1960 1294 384
1961 1339 474
1962 48 1536
1963 605 13
1964 83 1386
1965 1856 459
1966 1524 238
1967 1396 493
1968 1411 317
1969 1337 326
1970 92 1536
1971 1893 465
1972 1347 290
1973 1389 290
1974 1600 287
1975 580 25
1976 1989 403
1977 1531 246
1978 1633 210
1979 636 94
1980 1323 518
1981 1803 459
1982 1927 443
1983 1371 459
1984 571 25
1985 1817 494
1986 1610 212
1987 582 14
1988 1393 302
1989 1310 449
1990 67 1586
1991 58 1457
1992 1827 502
1993 1881 416
1994 1949 460
1995 1302 340
1996 1551 225
1997 1990 501
1998 1893 412
1999 1806 510
2000 1848 443
2001 1326 270
2002 1360 286
2003 1381 480
2004 1364 280
2005 1835 428
2006 1798 493
2007 1959 415
2008 1313 386
2009 1913 559
2010 1829 512
2011 684 60
2012 1541 248
2013 1931 529
2014 1995 514
2015 1886 522
2016 1536 220
2017 641 62
2018 1882 573
2019 1380 269
2020 638 95
2021 1530 203
2022 1340 420
2023 1348 436
2024 618 98
2025 640 50
2026 1352 375
2027 27 1380
2028 1654 215
2029 1801 550
2030 1608 266
2031 1568 216
2032 1979 515
2033 1550 262
2034 1860 504
2035 1636 198
2036 1451 291
2037 1603 187
2038 656 96
2039 1901 505
2040 1949 523
2041 595 101
2042 1542 217
2043 1961 514
2044 1353 519
2045 616 20
2046 1845 533
2047 1415 311
2048 1868 556
2049 1865 473
2050 1613 206
2051 1527 219
2052 1361 257
2053 1350 426
2054 1400 453
2055 692 23
2056 1642 216
2057 1372 505
2058 101 1554
2059 1405 446
2060 1875 525
2061 1948 454
2062 1542 238
2063 1577 258
2064 636 118
2065 1550 261
2066 1333 301
2067 1541 178
2068 1773 491
2069 1299 313
2070 1588 228
2071 1501 241
2072 1572 273
2073 1884 413
2074 1907 540
2075 1337 460
2076 1528 237
2077 1312 488
2078 1566 276
2079 1345 380
2080 1310 456
2081 103 1425
2082 1963 545
2083 1976 514
2084 1347 501
2085 1912 546
2086 1555 176
2087 1560 201
2088 1816 449
2089 609 120
2090 1540 244
2091 1311 420
2092 1564 229
2093 619 62
2094 1356 378
2095 1383 516
2096 1327 394
2097 1926 419
2098 1291 335
2099 582 11
2100 638 38
2101 1928 431
2102 1344 536
2103 618 120
2104 1896 473
2105 1794 445
2106 1800 457
2107 624 76
2108 1635 230
2109 1774 456
2110 65 1560
2111 640 37
2112 651 38
2113 630 43
2114 1875 502
2115 1281 408
2116 1319 283
2117 1791 485
2118 1566 283
2119 1347 284
2120 1433 292
2121 3 1394
2122 52 1416
2123 1589 253
2124 1836 495
2125 1661 238
2126 1645 208
2127 1514 239
2128 1310 426
2129 1526 193
2130 1409 483
2131 1808 483
2132 1915 448
2133 1842 545
2134 1599 287
2135 1835 455
2136 1823 554
2137 1345 413
2138 1417 336
2139 1555 191
2140 46 1453
2141 646 107
2142 1313 308
2143 1368 405
2144 1835 463
2145 1635 246
2146 1593 261
2147 1530 256
2148 1595 288
2149 1852 531
2150 656 70
2151 1367 268
2152 1356 385
2153 1332 384
2154 1906 431
2155 1344 317
2156 1919 462
2157 1792 513
2158 1924 506
2159 1549 214
2160 1560 199
2161 87 1511
2162 1381 482
2163 1389 337
2164 1530 287
2165 1364 332
2166 1386 408
2167 1872 438
2168 1615 281
2169 80 1511
2170 1590 251
2171 1313 442
2172 1362 334
2173 1878 496
2174 1851 482
2175 1597 225
2176 135 1395
2177 1356 425
2178 1889 458
2179 1610 274
2180 1355 279
2181 1891 571
2182 1909 517
2183 18 1346
2184 1435 292
2185 1919 452
2186 631 23
2187 1827 524
2188 1556 219
2189 1539 272
2190 1321 448
2191 1350 443
2192 1269 454
2193 1930 541
2194 1376 440
2195 664 36
2196 1323 474
2197 610 22
2198 133 1366
2199 1951 393
2200 578 76
2201 1859 536
2202 104 1533
2203 677 26
2204 1362 315
2205 601 7
2206 1312 367
2207 1390 322
2208 1371 531
2209 585 57
2210 1303 355
2211 1844 579
2212 1617 271
2213 1565 282
2214 678 47
2215 1902 403
2216 1334 403
2217 1323 448
2218 1573 311
2219 1319 477
2220 1926 439
2221 1933 528
2222 1566 232
2223 1573 208
2224 1865 422
2225 69 1535
2226 1856 545
2227 81 1481
2228 1929 482
2229 1963 510
2230 1861 431
2231 1371 391
2232 1307 538
2233 1631 258
2234 668 20
2235 606 19
2236 1939 442
2237 1320 461
2238 1996 512
2239 1578 297
2240 1392 399
2241 1950 386
2242 1322 414
2243 1886 505
2244 1359 371
2245 1783 489
2246 1532 226
2247 1847 560
2248 73 1572
2249 1594 265
2250 1359 487
2251 657 12
2252 1899 405
2253 1353 449
2254 95 1340
2255 1360 297
2256 1373 394
2257 611 103
2258 1532 216
2259 1396 341
2260 1323 368
2261 1626 204
2262 1325 273
2263 1874 456
2264 1341 394
2265 1442 283
2266 1939 537
2267 30 1449
2268 1305 419
2269 1862 453
2270 90 1537
2271 1558 239
2272 1846 449
2273 1535 299
2274 99 1515
2275 1822 561
2276 33 1397
2277 1595 227
2278 1336 430
2279 639 128
2280 1300 374
2281 537 5
2282 44 1491
2283 1966 390
2284 1298 308
2285 1393 487
2286 1288 439
2287 1803 476
2288 1840 539
2289 625 117
2290 1526 292
2291 1600 259
2292 1595 285
2293 1584 235
2294 1277 377
2295 1966 432
2296 538 9
2297 72 1318
2298 1952 453
2299 1593 223
2300 607 43
2301 1835 550
2302 1604 276
2303 1283 428
2304 1497 226
2305 1446 279
2306 1510 228
2307 1803 501
2308 1362 425
2309 1801 463
2310 1364 476
2311 1518 212
2312 1353 447
2313 1963 407
2314 1517 283
2315 1780 455
2316 1845 444
2317 1852 570
2318 1585 255
2319 1521 207
2320 1880 492
2321 1818 562
2322 1909 527
2323 1891 550
2324 1567 241
2325 1303 429
2326 1892 411
2327 1953 428
2328 1821 539
2329 1298 439
2330 642 78
2331 1646 228
2332 555 2
2333 1379 492
2334 1340 516
2335 1360 289
2336 1336 517
2337 72 1536
2338 1841 471
2339 611 104
2340 1535 191
2341 1523 229
2342 658 25
2343 1410 466
2344 64 1495
2345 1527 264
2346 1575 214
2347 1584 184
2348 1606 286
2349 1977 447
2350 1572 192
2351 612 92
2352 644 68
2353 47 1368
2354 1527 257
2355 644 1
2356 1872 454
2357 1308 493
2358 1827 507
2359 1628 249
2360 1376 468
2361 1928 430
2362 1389 360
2363 1853 473
2364 1582 266
2365 68 1566
2366 1348 475
2367 70 1610
2368 1846 523
2369 604 100
2370 1816 543
2371 1350 276
2372 580 82
2373 1597 309
2374 592 35
2375 1340 477
2376 1363 358
2377 1627 239
2378 1940 398
2379 92 1495
2380 1890 401
2381 1824 510
2382 1437 291
2383 1525 205
2384 1370 447
2385 1856 435
2386 32 1408
2387 1896 416
2388 1810 513
2389 1861 502
2390 1861 415
2391 1959 530
2392 1848 523
2393 1623 258
2394 1636 247
2395 103 1502
2396 1898 473
2397 1889 559
2398 1618 269
2399 1320 454
2400 1360 456
2401 633 40
2402 1606 314
2403 1324 302
2404 1355 447
2405 564 46
2406 1890 567
2407 1891 489
2408 1496 234
2409 1849 470
2410 1331 374
2411 1919 540
2412 1953 475
2413 1851 483
2414 581 15
2415 1347 512
2416 1331 448
2417 1458 273
2418 554 3
2419 1776 485
2420 1353 422
2421 1912 419
2422 1364 464
2423 1877 410
2424 1887 491
2425 1594 300
2426 1369 478
2427 1773 473
2428 1559 238
2429 1561 276
2430 1952 438
2431 1844 484
2432 1426 323
2433 1609 277
2434 1576 223
2435 594 55
2436 1543 287
2437 1822 552
2438 1870 478
2439 1348 450
2440 1787 497
2441 1388 366
2442 1837 507
2443 1859 508
2444 607 31
2445 1948 425
2446 1585 189
2447 1367 367
2448 1896 458
2449 1651 238
2450 1942 488
2451 1566 228
2452 1524 249
2453 1373 395
2454 1481 240
2455 1795 512
2456 1838 521
2457 1898 538
2458 1861 567
2459 1365 288
2460 1865 529
2461 1383 523
2462 1815 486
2463 621 87
2464 1991 509
2465 1538 279
2466 1361 323
2467 1836 550
2468 672 70
2469 1305 442
2470 1326 480
2471 1291 450
2472 1341 533
2473 1540 276
2474 1376 352
2475 1336 411
2476 1848 460
2477 1536 235
2478 646 29
2479 606 93
2480 1325 477
2481 1864 486
2482 96 1499
2483 1362 332
2484 1524 224
2485 1343 386
2486 595 106
2487 591 25
2488 1934 550
2489 1424 330
2490 1605 279
2491 1298 322
2492 1844 423
2493 1850 520
2494 1397 486
2495 1430 301
2496 1310 467
2497 1824 543
2498 83 1456
2499 1543 292
2500 1583 204
2501 565 13
2502 126 1535
2503 1415 334
2504 1935 519
2505 1322 501
2506 575 17
2507 1422 340
2508 684 6
2509 1402 320
2510 1545 193
2511 1580 235
2512 680 34
2513 1874 471
2514 1513 231
2515 1862 522
2516 1944 501
2517 1317 426
2518 1375 477
2519 1608 252
2520 1805 475
2521 1368 516
2522 1324 488
2523 1358 471
2524 1324 423
2525 1797 455
2526 1894 415
2527 1589 311
2528 669 21
2529 17 1425
2530 115 1393
2531 1650 220
2532 1568 297
2533 1604 304
2534 93 1559
2535 1790 468
2536 1630 210
2537 1930 519
2538 1845 477
2539 1299 437
2540 658 20
2541 1618 261
2542 1959 462
2543 574 18
2544 1957 449
2545 1578 268
2546 1804 476
2547 1630 241
2548 1821 467
2549 58 1241
2550 1333 522
2551 1790 467
2552 575 33
2553 1417 309
2554 612 70
2555 1911 410
2556 1618 220
2557 1826 516
2558 610 96
2559 1596 209
2560 1647 258
2561 581 24
2562 1362 524
2563 1323 468
2564 1330 286
2565 1934 491
2566 1906 498
2567 1352 450
2568 1372 236
2569 1282 464
2570 1797 480
2571 1835 459
2572 612 91
2573 1396 335
2574 1545 222
2575 1280 446
2576 571 36
2577 1623 215
2578 1577 284
2579 1944 468
2580 1991 452
2581 1983 487
2582 630 32
2583 98 1430
2584 73 1490
2585 1536 279
2586 1808 459
2587 638 64
2588 1897 398
2589 51 1452
2590 82 1545
2591 1536 277
2592 1921 446
2593 617 51
2594 1364 500
2595 1385 492
2596 1528 258
2597 1850 533
2598 1311 424
2599 1841 445
2600 1295 425
2601 1305 354
2602 1382 349
2603 1913 508
2604 1877 514
2605 1919 483
2606 1912 547
2607 1358 381
2608 1314 418
2609 1857 492
2610 1882 452
2611 1363 351
2612 633 74
2613 1855 526
2614 1820 398
2615 1603 211
2616 1819 526
2617 1375 347
2618 1357 361
2619 595 100
2620 1534 220
2621 1928 545
2622 1361 444
2623 604 61
2624 639 23
2625 1334 440
2626 543 13
2627 1383 364
2628 1848 456
2629 1854 471
2630 1816 452
2631 1791 449
2632 1425 327
2633 571 56
2634 1336 513
2635 1603 234
2636 1531 241
2637 1596 225
2638 1935 434
2639 1432 295
2640 71 1454
2641 1408 337
2642 1957 531
2643 579 10
2644 1856 549
2645 1903 406
2646 88 1377
2647 1869 416
2648 1376 430
2649 623 125
2650 1357 298
2651 1353 537
2652 678 49
2653 1334 480
2654 1905 530
2655 692 25
2656 578 51
2657 1322 419
2658 1887 424
2659 1870 515
2660 1930 426
2661 1288 446
2662 1617 284
2663 1837 543
2664 1860 512
2665 1586 192
2666 1906 534
2667 554 22
2668 1418 302
2669 1843 450
2670 1357 439
2671 1367 517
2672 1432 333
2673 1857 490
2674 1844 530
2675 1810 447
2676 1633 235
2677 611 82
2678 1873 560
2679 1337 456
2680 1327 265
2681 1333 517
2682 1882 557
2683 1851 538
2684 1562 276
2685 1313 480
2686 65 1513
2687 1816 450
2688 1900 499
2689 1807 397
2690 1860 468
2691 1869 483
2692 1295 446
2693 1888 534
2694 630 67
2695 1821 453
2696 1382 372
2697 1523 220
2698 1360 470
2699 661 42
2700 547 32
2701 1892 459
2702 51 1548
2703 651 91
2704 661 39
2705 1531 275
2706 1618 241
2707 1323 447
2708 1860 435
2709 1947 500
2710 1805 403
2711 1822 448
2712 1809 554
2713 1343 427
2714 1642 231
2715 1852 514
2716 1794 432
2717 1921 451
2718 1892 403
2719 1524 258
2720 544 1
2721 1278 367
2722 1802 551
2723 1947 514
2724 611 55
2725 678 6
2726 1648 244
2727 1351 397
2728 1556 240
2729 632 103
2730 1968 511
2731 1360 279
2732 1314 362
2733 1602 305
2734 1630 292
2735 1609 302
2736 1778 479
2737 644 62
2738 1579 238
2739 1833 504
2740 1806 450
2741 54 1503
2742 619 60
2743 1533 232
2744 1593 201
2745 1578 216
2746 1846 515
2747 1333 457
2748 587 30
2749 617 17
2750 1939 444
2751 1380 461
2752 1340 398
2753 105 1421
2754 643 23
2755 1530 209
2756 559 20
2757 1802 506
2758 1992 492
2759 1565 235
2760 1885 419
2761 592 15
2762 1584 185
2763 614 13
2764 608 51
2765 1909 555
2766 1376 508
2767 1414 348
2768 58 1421
2769 1512 221
2770 1347 370
2771 1322 490
2772 1844 568
2773 1510 226
2774 45 1399
2775 1323 500
2776 1305 473
2777 1322 466
2778 1327 343
2779 543 9
2780 1555 201
2781 1346 371
2782 1354 460
2783 1901 544
2784 1617 193
2785 1840 504
2786 1375 529
2787 1575 312
2788 1928 484
2789 1284 325
2790 595 27
2791 1950 468
2792 1370 349
2793 565 34
2794 660 39
2795 663 27
2796 1618 283
2797 1397 299
2798 1855 542
2799 1306 453
2800 1356 480
2801 588 50
2802 1945 440
2803 1577 205
2804 1865 522
2805 1820 476
2806 1986 533
2807 1327 497
2808 1354 497
2809 1905 557
2810 1759 497
2811 1347 414
2812 1644 245
2813 1330 403
2814 1298 460
2815 1340 288
2816 1344 441
2817 1291 348
2818 1872 480
2819 578 2
2820 1327 348
2821 1840 477
2822 1971 529
2823 1348 411
2824 1869 507
2825 1807 489
2826 1377 388
2827 601 6
2828 618 72
2829 1393 339
2830 1293 413
2831 1578 245
2832 584 27
2833 544 0
2834 1877 553
2835 1379 344
2836 1536 188
2837 1314 429
2838 31 1414
2839 550 10
2840 67 1553
2841 1875 560
2842 1348 495
2843 1909 553
2844 651 3
2845 1396 380
2846 1880 412
2847 1910 432
2848 1632 274
2849 1862 552
2850 1352 444
2851 1358 320
2852 606 12
2853 1982 506
2854 1804 458
2855 1554 193
2856 1891 413
2857 1392 489
2858 1346 520
2859 1568 313
2860 1875 448
2861 67 1502
2862 1522 293
2863 1454 284
2864 1830 456
2865 1895 528
2866 1340 385
2867 1979 429
2868 578 46
2869 1329 385
2870 1328 528
2871 646 14
2872 1616 249
2873 1411 318
2874 1394 457
2875 1907 549
2876 1871 561
2877 1375 306
2878 657 9
2879 1789 464
2880 1352 432
2881 49 1497
2882 1392 497
2883 1635 238
2884 1384 440
2885 1334 413
2886 1447 277
2887 1543 190
2888 1346 429
2889 1343 432
2890 1930 477
2891 1890 532
2892 1291 475
2893 1522 258
2894 1356 513
2895 1547 226
2896 1338 520
2897 1838 551
2898 628 90
2899 1321 345
2900 572 27
2901 654 84
2902 1568 299
2903 1552 261
2904 1553 305
2905 1289 314
2906 1512 210
2907 1820 472
2908 1535 302
2909 1330 437
2910 1845 553
2911 553 24
2912 1298 434
2913 1805 437
2914 653 52
2915 1307 435
2916 636 13
2917 1868 413
2918 1356 434
2919 1534 252
2920 1527 239
2921 579 79
2922 1631 226
2923 87 1551
2924 1906 463
2925 1954 464
2926 1572 222
2927 107 1419
2928 673 59
2929 1574 265
2930 1807 537
2931 1961 468
2932 1508 254
2933 1906 553
2934 1579 237
2935 1925 422
2936 1611 201
2937 1406 342
2938 1446 280
2939 1585 250
2940 1868 415
2941 1783 487
2942 1496 246
2943 646 94
2944 1625 243
2945 663 39
2946 1820 435
2947 1302 387
2948 1327 491
2949 1933 542
2950 73 1398
2951 77 1517
2952 654 0
2953 1627 281
2954 1353 517
2955 1343 380
2956 104 1484
2957 1364 277
2958 1326 398
2959 1548 289
2960 664 25
2961 1560 183
2962 1948 495
2963 1361 439
2964 1326 474
2965 1529 289
2966 703 2
2967 1944 411
2968 1543 252
2969 1368 350
2970 1561 235
2971 1972 512
2972 1926 555
2973 1518 244
2974 1413 342
2975 1395 298
2976 1296 447
2977 1365 236
2978 649 65
2979 1374 368
2980 621 85
2981 1796 472
2982 1593 276
2983 1937 386
2984 1853 581
2985 1821 449
2986 1381 452
2987 1564 242
2988 1393 446
2989 1612 297
2990 646 48
2991 1537 216
2992 590 74
2993 82 1567
2994 1853 427
2995 1875 531
2996 607 62
2997 1847 535
2998 1965 522
2999 1881 492
3000 1309 451
3001 594 42
3002 1891 433
3003 1398 366
3004 669 12
3005 1649 254
3006 1924 507
3007 1397 490
3008 643 22
3009 70 1570
3010 1905 474
3011 1615 280
3012 1610 244
3013 1882 485
3014 1372 307
3015 607 88
3016 1357 457
3017 1994 429
3018 1357 308
3019 1381 456
3020 1940 524
3021 634 114
3022 1326 545
3023 1801 413
3024 1324 335
3025 1389 480
3026 1285 451
3027 1839 475
3028 1301 476
3029 1317 335
3030 1920 397
3031 1955 448
3032 1841 533
3033 1856 453
3034 1559 303
3035 563 25
3036 1314 332
3037 1911 508
3038 604 52
3039 1321 379
3040 1588 305
3041 1820 524
3042 1330 335
3043 1277 443
3044 1585 256
3045 1298 301
3046 1360 333
3047 1538 222
3048 1557 253
3049 58 1356
3050 1901 498
3051 1307 487
3052 1816 548
3053 649 20
3054 1323 301
3055 1375 520
3056 1365 447
3057 1333 426
3058 596 36
3059 651 35
3060 1907 460
3061 1281 471
3062 1864 447
3063 594 85
3064 1623 225
3065 682 11
3066 86 1504
3067 1357 299
3068 1893 572
3069 1965 478
3070 1360 290
3071 1898 525
3072 1343 330
3073 1535 268
3074 1441 290
3075 1810 475
3076 613 16
3077 652 26
3078 1513 206
3079 1342 316
3080 651 29
3081 1351 420
3082 1329 511
3083 1906 412
3084 1785 448
3085 1532 245
3086 1493 237
3087 1365 285
3088 1861 470
3089 633 77
3090 1292 483
3091 1775 470
3092 598 28
3093 1531 217
3094 1521 239
3095 1791 458
3096 1823 524
3097 640 73
3098 1989 413
3099 1834 542
3100 1899 468
3101 1295 347
3102 1352 439
3103 1636 238
3104 48 1493
3105 1888 492
3106 1809 550
3107 1336 396
3108 1608 251
3109 585 13
3110 1551 200
3111 1368 324
3112 1765 479
3113 83 1477
3114 1821 443
3115 1949 487
3116 1832 486
3117 1602 272
3118 571 27
3119 1793 471
3120 92 1514
3121 606 45
3122 671 6
3123 1799 451
3124 1903 439
3125 1618 219
3126 593 6
3127 1625 239
3128 1351 516
3129 628 63
3130 1383 483
3131 1386 337
3132 53 1577
3133 1850 508
3134 1432 288
3135 1599 302
3136 1547 236
3137 1975 443
3138 1761 487
3139 1389 363
3140 646 67
3141 1372 482
3142 1547 229
3143 1561 195
3144 95 1362
3145 1412 343
3146 1320 361
3147 553 16
3148 1552 220
3149 1643 242
3150 126 1368
3151 598 1
3152 1588 242
3153 698 31
3154 1576 264
3155 1336 338
3156 620 77
3157 644 72
3158 1342 308
3159 613 18
3160 1299 439
3161 1278 465
3162 1306 482
3163 1342 261
3164 1433 329
3165 1919 432
3166 1796 502
3167 1876 507
3168 668 63
3169 1771 464
3170 1546 237
3171 673 65
3172 632 22
3173 1567 251
3174 1555 230
3175 1488 235
3176 1901 528
3177 1869 491
3178 1526 194
3179 1769 478
3180 1952 415
3181 1962 484
3182 1609 242
3183 1793 459
3184 1924 443
3185 1390 410
3186 1498 234
3187 1557 289
3188 1820 484
3189 1303 503
3190 602 55
3191 116 1354
3192 1861 483
3193 640 95
3194 1288 391
3195 1627 263
3196 60 1592
3197 1869 519
3198 1849 526
3199 601 4
3200 689 54
3201 671 72
3202 1999 476
3203 1882 516
3204 1820 536
3205 1631 222
3206 1294 461
3207 1880 501
3208 1941 530
3209 1866 473
3210 1369 472
3211 1352 329
3212 1366 273
3213 1390 468
3214 1291 464
3215 1842 558
3216 1386 333
3217 1292 322
3218 629 51
3219 1843 504
3220 1325 500
3221 1606 279
3222 1350 399
3223 1375 501
3224 1572 293
3225 1915 422
3226 1544 231
3227 1533 204
3228 1936 474
3229 1612 281
3230 1853 490
3231 652 13
3232 670 57
3233 1653 228
3234 1599 256
3235 1571 220
3236 1828 516
3237 60 1301
3238 46 1456
3239 1361 330
3240 541 13
3241 1378 384
3242 1798 448
3243 1351 425
3244 1579 242
3245 1306 447
3246 1316 343
3247 1570 299
3248 1577 184
3249 1538 296
3250 1545 255
3251 1552 219
3252 1571 241
3253 662 13
3254 1379 341
3255 1323 546
3256 1317 447
3257 1613 207
3258 621 21
3259 599 67
3260 1534 256
3261 593 115
3262 1379 311
3263 1381 525
3264 1937 432
3265 1790 492
3266 1288 438
3267 1344 455
3268 1348 312
3269 1814 507
3270 659 27
3271 603 105
3272 1915 480
3273 1574 205
3274 592 72
3275 591 38
3276 1825 552
3277 1542 277
3278 1945 407
3279 563 22
3280 1380 477
3281 625 36
3282 1297 463
3283 1823 540
3284 1536 192
3285 1803 518
3286 1440 279
3287 696 30
3288 674 1
3289 1277 456
3290 538 13
3291 1454 280
3292 1320 482
3293 1923 446
3294 656 3
3295 1345 320
3296 1804 402
3297 1375 428
3298 1322 341
3299 1354 505
3300 1393 389
3301 1403 338
3302 1345 388
3303 101 1527
3304 1552 294
3305 600 48
3306 33 1471
3307 1851 466
3308 1823 548
3309 1877 558
3310 1318 312
3311 1515 222
3312 1573 229
3313 1900 527
3314 659 88
3315 1378 378
3316 1852 548
3317 47 1498
3318 1349 456
3319 1948 464
3320 1618 287
3321 1530 265
3322 100 1323
3323 1391 510
3324 1375 268
3325 1970 468
3326 1297 425
3327 1798 481
3328 1985 517
3329 1862 472
3330 1617 246
3331 102 1509
3332 1611 255
3333 1544 244
3334 1596 301
3335 1343 492
3336 1569 232
3337 1563 268
3338 1348 304
3339 1353 463
3340 1606 293
3341 1838 515
3342 1338 345
3343 1433 330
3344 1585 200
3345 1979 453
3346 1359 312
3347 1542 272
3348 557 20
3349 1370 364
3350 1998 484
3351 1853 437
3352 1561 211
3353 1610 288
3354 1827 521
3355 1568 184
3356 615 76
3357 1586 277
3358 1811 552
3359 1794 456
3360 1402 490
3361 595 69
3362 1343 412
3363 1916 519
3364 1565 288
3365 1307 504
3366 1929 434
3367 1525 213
3368 1619 294
3369 608 82
3370 1898 444
3371 55 1454
3372 1561 281
3373 1287 360
3374 1928 450
3375 1405 325
3376 1629 271
3377 1377 287
3378 634 124
3379 1915 459
3380 1368 296
3381 89 1564
3382 1398 463
3383 1343 421
3384 1330 491
3385 1865 476
3386 1849 483
3387 1525 271
3388 1838 554
3389 1560 275
3390 697 7
3391 1349 446
3392 61 1433
3393 1858 418
3394 1566 289
3395 1397 369
3396 1355 462
3397 1628 286
3398 1310 432
3399 1334 298
3400 1303 432
3401 639 118
3402 1628 214
3403 1405 458
3404 1929 476
3405 1513 213
3406 1569 181
3407 1874 559
3408 1290 346
3409 1540 227
3410 1357 318
3411 1546 287
3412 1927 450
3413 1564 263
3414 1986 429
3415 1321 490
3416 1388 323
3417 1521 266
3418 1385 312
3419 104 1548
3420 1889 550
3421 1531 266
3422 1407 480
3423 1411 312
3424 39 1430
3425 1815 505
3426 617 42
3427 1352 356
3428 1580 242
3429 1981 509
3430 1926 410
3431 1365 426
3432 615 9
3433 1832 443
3434 1909 398
3435 685 3
3436 1823 515
3437 1534 234
3438 1373 343
3439 610 36
3440 1986 487
3441 1850 540
3442 1568 271
3443 1563 178
3444 1960 528
3445 1339 368
3446 1910 490
3447 1308 356
3448 1289 434
3449 1610 232
3450 1424 325
3451 539 0
3452 1790 451
3453 1874 554
3454 1351 411
3455 668 47
3456 1917 437
3457 1552 229
3458 1845 518
3459 1894 478
3460 1343 445
3461 1321 331
3462 1618 208
3463 1933 474
3464 1317 441
3465 1616 238
3466 1383 476
3467 546 4
3468 1946 458
3469 1550 176
3470 1823 435
3471 1403 303
3472 1571 268
3473 681 42
3474 1378 447
3475 1305 451
3476 1356 427
3477 1849 509
3478 1550 256
3479 1580 228
3480 1551 217
3481 1622 246
3482 658 49
3483 1395 467
3484 1587 211
3485 1538 233
3486 39 1370
3487 659 24
3488 1580 241
3489 1321 427
3490 1838 527
3491 1558 286
3492 1556 256
3493 1317 480
3494 599 93
3495 1536 268
3496 1301 442
3497 1323 542
3498 1929 467
3499 1300 486
3500 617 11
3501 1553 271
3502 1535 279
3503 1868 419
3504 682 51
3505 1899 517
3506 1861 413
3507 1847 490
3508 48 1557
3509 1950 456
3510 1537 236
3511 115 1517
3512 1364 443
3513 634 113
3514 1887 529
3515 1352 454
3516 1311 508
3517 1355 490
3518 1325 374
3519 1376 485
3520 1577 285
3521 1618 272
3522 1905 414
3523 71 1411
3524 1922 448
3525 1801 475
3526 1496 232
3527 1926 514
3528 93 1472
3529 1415 316
3530 1380 425
3531 1516 211
3532 1319 312
3533 1365 272
3534 1354 477
3535 1347 398
3536 1877 517
3537 1869 479
3538 1380 364
3539 1628 274
3540 1391 346
3541 562 25
3542 1924 502
3543 1806 480
3544 1397 352
3545 1332 267
3546 1823 392
3547 1382 417
3548 1395 349
3549 1411 349
3550 1788 470
3551 1382 517
3552 1312 353
3553 1934 508
3554 1383 418
3555 70 1516
3556 1301 372
3557 655 1
3558 1930 458
3559 1602 230
3560 1337 382
3561 1306 484
3562 1358 523
3563 1565 293
3564 1364 272
3565 1334 331
3566 1916 390
3567 1904 461
3568 1647 241
3569 1634 253
3570 1303 379
3571 1376 447
3572 565 12
3573 49 1583
3574 1327 313
3575 1381 432
3576 1355 519
3577 1659 230
3578 653 96
3579 643 68
3580 1348 422
3581 1919 469
3582 1341 406
3583 1380 313
3584 624 36
3585 1315 283
3586 75 1485
3587 78 1564
3588 1601 248
3589 663 2
3590 1367 527
3591 1928 436
3592 1343 394
3593 1319 470
3594 1350 353
3595 1377 369
3596 689 9
3597 1345 360
3598 1379 408
3599 1916 545
3600 1623 191
3601 1590 298
3602 1793 483
3603 621 70
3604 1531 278
3605 1898 426
3606 1329 350
3607 1401 499
3608 1366 367
3609 610 59
3610 1609 247
3611 1888 469
3612 1851 500
3613 1413 322
3614 112 1411
3615 628 57
3616 1553 203
3617 1938 419
3618 641 49
3619 594 25
3620 1595 307
3621 1626 238
3622 1907 550
3623 1355 377
3624 1632 224
3625 673 1
3626 659 72
3627 1816 550
3628 1613 278
3629 1366 334
3630 1387 416
3631 1891 452
3632 1391 454
3633 1599 260
3634 1559 230
3635 1365 284
3636 1299 348
3637 1515 252
3638 583 47
3639 1372 519
3640 1923 472
3641 1361 351
3642 645 48
3643 1556 205
3644 1964 526
3645 1938 471
3646 83 1543
3647 1350 401
3648 1574 256
3649 1845 575
3650 89 1320
3651 1295 356
3652 1783 459
3653 1339 341
3654 1824 497
3655 648 83
3656 621 91
3657 1363 248
3658 1909 546
3659 1909 471
3660 1520 214
3661 1336 374
3662 1380 393
3663 1905 525
3664 71 1566
3665 1572 281
3666 1337 434
3667 1574 206
3668 1303 430
3669 1334 524
3670 1634 242
3671 606 101
3672 1810 458
3673 1395 341
3674 1573 189
3675 1599 211
3676 1518 249
3677 1553 199
3678 1866 515
3679 560 20
3680 1391 404
3681 1378 294
3682 1575 200
3683 1947 540
3684 1390 429
3685 640 101
3686 632 43
3687 1873 512
3688 1963 414
3689 1610 225
3690 1975 497
3691 84 1518
3692 123 1530
3693 1283 471
3694 1340 407
3695 1365 304
3696 1898 555
3697 1796 431
3698 582 45
3699 1373 490
3700 1372 448
3701 1859 497
3702 1960 440
3703 1853 442
3704 599 119
3705 1856 460
3706 1559 266
3707 1332 477
3708 582 59
3709 1303 358
3710 1830 504
3711 1319 526
3712 1885 486
3713 1782 459
3714 1368 344
3715 1441 294
3716 1564 259
3717 1531 242
3718 1906 489
3719 1515 234
3720 1504 251
3721 616 97
3722 620 93
3723 1349 504
3724 1949 468
3725 671 21
3726 1926 500
3727 1361 251
3728 1623 244
3729 1574 218
3730 1862 471
3731 1592 209
3732 1594 223
3733 1581 314
3734 1804 438
3735 1335 498
3736 1328 446
3737 1353 304
3738 1334 489
3739 1861 548
3740 633 0
3741 1790 471
3742 1529 221
3743 1321 361
3744 1898 398
3745 572 22
3746 1584 232
3747 1862 539
3748 646 86
3749 603 98
3750 1276 396
3751 1368 521
3752 629 123
3753 64 1373
3754 1362 392
3755 58 1509
3756 581 37
3757 543 11
3758 560 17
3759 1535 284
3760 1295 463
3761 1532 205
3762 598 76
3763 1298 303
3764 1350 387
3765 1854 529
3766 1543 237
3767 1407 308
3768 1371 462
3769 1392 419
3770 1625 264
3771 613 89
3772 1845 514
3773 589 63
3774 1649 244
3775 1318 500
3776 1359 478
3777 1638 228
3778 1604 273
3779 1884 513
3780 1629 276
3781 1325 471
3782 1598 214
3783 1320 452
3784 1391 492
3785 1299 421
3786 1317 545
3787 1380 498
3788 1886 413
3789 97 1556
3790 1359 529
3791 1553 262
3792 1997 516
3793 73 1411
3794 1991 483
3795 591 16
3796 1830 534
3797 1566 196
3798 1273 398
3799 584 49
3800 1968 520
3801 1328 515
3802 1279 363
3803 1632 253
3804 579 47
3805 665 20
3806 648 60
3807 661 47
3808 1775 500
3809 1884 474
3810 1824 491
3811 1629 221
3812 1456 268
3813 1367 509
3814 601 101
3815 1851 465
3816 1521 218
3817 1386 485
3818 1523 257
3819 1406 332
3820 1916 442
3821 645 22
3822 1975 517
3823 587 41
3824 1561 216
3825 650 73
3826 1907 401
3827 1958 511
3828 86 1459
3829 1403 499
3830 1783 488
3831 607 93
3832 1845 552
3833 1894 421
3834 1828 559
3835 1913 470
3836 1491 229
3837 1552 295
3838 27 1378
3839 607 79
3840 1593 268
3841 1380 369
3842 1369 525
3843 579 34
3844 1625 242
3845 1913 491
3846 1527 202
3847 613 15
3848 1518 243
3849 1790 497
3850 1343 299
3851 1891 395
3852 1296 342
3853 588 26
3854 1841 567
3855 1369 240
3856 1372 429
3857 1545 264
3858 1578 199
3859 1856 486
3860 1808 494
3861 1935 539
3862 577 67
3863 1527 274
3864 1295 440
3865 1561 277
3866 1879 437
3867 1378 461
3868 1608 235
3869 648 31
3870 1516 220
3871 1992 482
3872 1375 474
3873 1643 249
3874 1835 464
3875 1849 463
3876 83 1407
3877 1299 434
3878 1312 310
3879 1570 197
3880 587 62
3881 592 115
3882 1321 497
3883 1519 278
3884 1850 454
3885 1640 208
3886 603 26
3887 1901 502
3888 680 14
3889 1592 302
3890 1562 256
3891 1907 466
3892 625 130
3893 1312 439
3894 1855 472
3895 1530 282
3896 1326 530
3897 1567 270
3898 1376 375
3899 1518 218
3900 588 57
3901 2 1435
3902 1500 225
3903 644 34
3904 1549 230
3905 1594 273
3906 1879 405
3907 1613 262
3908 1857 454
3909 640 71
3910 1795 443
3911 1517 266
3912 565 49
3913 634 77
3914 1889 451
3915 1327 420
3916 1874 422
3917 1585 281
3918 597 68
3919 1622 272
3920 1380 479
3921 1376 300
3922 1298 487
3923 1562 197
3924 1345 309
3925 1370 356
3926 1383 410
3927 667 81
3928 1407 322
3929 1317 394
3930 1885 433
3931 1927 530
3932 1341 434
3933 77 1337
3934 95 1514
3935 1400 349
3936 1802 459
3937 1866 441
3938 1289 401
3939 1792 474
3940 626 23
3941 1848 437
3942 1560 233
3943 1937 503
3944 1871 560
3945 1829 455
3946 1944 517
3947 622 115
3948 1823 426
3949 1905 543
3950 1300 465
3951 1385 438
3952 1363 529
3953 1301 472
3954 1411 331
3955 1606 257
3956 1992 494
3957 1345 481
3958 1837 495
3959 1398 482
3960 681 29
3961 1375 468
3962 1522 287
3963 1335 367
3964 1597 232
3965 1603 218
3966 1592 262
3967 1882 401
3968 1801 492
3969 1360 322
3970 1574 271
3971 1367 483
3972 1338 510
3973 1578 247
3974 81 1501
3975 1880 505
3976 1331 490
3977 1847 463
3978 1945 395
3979 1393 471
3980 1310 358
3981 1391 414
3982 1420 342
3983 599 9
3984 1311 454
3985 684 30
3986 1424 344
3987 612 52
3988 1928 471
3989 79 1524
3990 1883 505
3991 1596 228
3992 1947 529
3993 1380 267
3994 1896 512
3995 630 39
3996 1554 206
3997 1947 374
3998 1870 407
3999 1620 266
4000 89 1442
4001 1338 408
4002 569 23
4003 1827 477
4004 1950 532
4005 1576 179
4006 1607 203
4007 1843 459
4008 1909 447
4009 1616 190
4010 66 1464
4011 1308 456
4012 1886 445
4013 1810 511
4014 1958 410
4015 1869 464
4016 1887 542
4017 1825 509
4018 1343 516
4019 1325 470
4020 1514 279
4021 1395 375
4022 1878 471
4023 1626 228
4024 1366 236
4025 619 15
4026 19 1405
4027 1512 211
4028 1862 519
4029 1624 305
4030 1854 486
4031 93 1561
4032 1410 480
4033 1792 472
4034 1867 460
4035 611 37
4036 1888 458
4037 579 73
4038 1321 498
4039 1917 533
4040 564 12
4041 1634 228
4042 1787 473
4043 1536 229
4044 1391 483
4045 1595 202
4046 1590 204
4047 1530 243
4048 1916 547
4049 1781 496
4050 1644 223
4051 1593 242
4052 1999 530
4053 1365 394
4054 1922 410
4055 1915 553
4056 1995 534
4057 1914 517
4058 1918 429
4059 625 50
4060 1855 513
4061 1325 305
4062 1287 438
4063 645 70
4064 1772 471
4065 1329 356
4066 1795 526
4067 606 87
4068 593 23
4069 1318 374
4070 1360 369
4071 1624 299
4072 1542 213
4073 1614 224
4074 1520 265
4075 1339 291
4076 88 1413
4077 1820 505
4078 1815 463
4079 1395 356
4080 1830 505
4081 560 23
4082 1834 545
4083 1307 448
4084 1331 524
4085 55 1566
4086 1545 205
4087 1611 309
4088 1287 361
4089 600 115
4090 1490 235
4091 1837 514
4092 1638 285
4093 1381 444
4094 1967 441
4095 1571 307
4096 1344 461
4097 1328 529
4098 1556 179
4099 644 44
4100 1644 243
4101 73 1583
4102 649 49
4103 1991 506
4104 1358 458
4105 1616 197
4106 631 7
4107 1587 283
4108 1386 433
4109 1799 452
4110 1541 223
4111 1499 239
4112 1914 547
4113 1589 227
4114 1879 451
4115 699 0
4116 1933 458
4117 1825 504
4118 1293 347
4119 1295 475
4120 1449 284
4121 605 62
4122 1941 432
4123 1798 466
4124 1831 494
4125 1353 317
4126 1626 265
4127 1364 370
4128 37 1375
4129 1617 260
4130 1346 473
4131 1350 351
4132 618 47
4133 1866 411
4134 1844 491
4135 1361 437
4136 627 46
4137 1358 357
4138 1566 175
4139 1536 251
4140 1901 452
4141 1366 316
4142 573 20
4143 1936 516
4144 629 1
4145 1553 221
4146 1388 422
4147 1433 322
4148 1382 273
4149 1372 440
4150 90 1534
4151 1450 270
4152 1333 437
4153 1313 481
4154 1953 468
4155 1898 427
4156 1303 451
4157 1384 344
4158 566 5
4159 1337 353
4160 1793 487
4161 1360 272
4162 1306 370
4163 595 50
4164 1397 353
4165 633 23
4166 1639 267
4167 1374 487
4168 562 7
4169 1546 293
4170 564 34
4171 622 99
4172 1905 457
4173 1943 517
4174 1961 397
4175 1958 383
4176 1950 474
4177 1375 282
4178 1312 356
4179 1576 188
4180 1855 437
4181 615 56
4182 1867 459
4183 1300 362
4184 106 1534
4185 1343 294
4186 629 62
4187 1292 464
4188 1332 412
4189 1949 501
4190 1800 410
4191 1893 407
4192 1873 435
4193 1886 459
4194 79 1518
4195 1942 389
4196 1424 324
4197 1528 225
4198 1357 392
4199 1849 536
4200 1373 505
4201 108 1432
4202 558 11
4203 1594 230
4204 1350 396
4205 1838 481
4206 593 55
4207 1962 449
4208 619 81
4209 1336 489
4210 1581 289
4211 1315 542
4212 634 9
4213 1574 241
4214 584 68
4215 1577 291
4216 1363 367
4217 1834 461
4218 645 33
4219 1297 441
4220 1800 521
4221 1615 296
4222 1829 465
4223 1556 220
4224 1359 378
4225 1640 277
4226 1306 358
4227 1612 212
4228 1583 264
4229 1947 429
4230 1827 519
4231 1873 533
4232 1842 501
4233 604 96
4234 1867 533
4235 1589 294
4236 1340 261
4237 1371 259
4238 1393 382
4239 1383 413
4240 556 18
4241 603 36
4242 1805 517
4243 1404 348
4244 1295 445
4245 1339 439
4246 1435 317
4247 1925 398
4248 1598 284
4249 1348 414
4250 1344 533
4251 1816 438
4252 1978 520
4253 1377 367
4254 1821 537
4255 1306 473
4256 1608 268
4257 1810 470
4258 1805 506
4259 1333 501
4260 43 1518
4261 1304 451
4262 1570 221
4263 1767 486
4264 1306 417
4265 27 1325
4266 1824 506
4267 128 1400
4268 1532 231
4269 1834 556
4270 1382 347
4271 1609 313
4272 1791 510
4273 1877 432
4274 1326 518
4275 1594 260
4276 1874 515
4277 1341 513
4278 1411 326
4279 1830 449
4280 1334 423
4281 1575 232
4282 1341 529
4283 1912 409
4284 1588 285
4285 1870 546
4286 1577 294
4287 1625 219
4288 1571 232
4289 1336 336
4290 1905 492
4291 571 42
4292 1588 290
4293 1628 201
4294 576 44
4295 1930 444
4296 1899 464
4297 1282 468
4298 1514 270
4299 1597 185
4300 1866 526
4301 1645 243
4302 567 23
4303 1613 289
4304 1285 471
4305 1950 508
4306 1925 442
4307 1849 565
4308 1369 448
4309 613 47
4310 1939 436
4311 1801 485
4312 1521 243
4313 1592 234
4314 1573 234
4315 1828 553
4316 1420 319
4317 1385 352
4318 1869 422
4319 9 1429
4320 1830 543
4321 1360 266
4322 1516 270
4323 1333 403
4324 1338 278
4325 1497 227
4326 1391 310
4327 1563 204
4328 1974 444
4329 1904 411
4330 1845 420
4331 1516 229
4332 1379 391
4333 1390 421
4334 689 21
4335 1604 235
4336 1641 222
4337 1788 480
4338 1922 472
4339 624 71
4340 1857 484
4341 1826 553
4342 1954 545
4343 1325 432
4344 1825 523
4345 1595 238
4346 1896 540
4347 1813 433
4348 1293 381
4349 82 1339
4350 1611 288
4351 653 48
4352 1601 235
4353 1356 418
4354 1357 353
4355 1840 538
4356 646 71
4357 75 1538
4358 1348 397
4359 1546 290
4360 557 47
4361 1525 268
4362 662 32
4363 1550 217
4364 1377 257
4365 1319 414
4366 85 1451
4367 1617 223
4368 1790 466
4369 1931 543
4370 1815 465
4371 1826 450
4372 1853 456
4373 1542 263
4374 1411 334
4375 1432 317
4376 551 26
4377 1855 495
4378 1335 448
4379 1837 548
4380 1850 535
4381 1544 251
4382 1296 445
4383 1284 466
4384 1956 449
4385 1290 313
4386 1796 514
4387 1835 506
4388 72 1578
4389 1355 469
4390 1643 208
4391 553 22
4392 1519 233
4393 1831 424
4394 1866 559
4395 1591 279
4396 582 99
4397 1538 224
4398 1286 388
4399 1932 504
4400 1966 521
4401 1599 265
4402 644 14
4403 1950 463
4404 1796 439
4405 1536 211
4406 640 81
4407 576 3
4408 1357 334
4409 1885 512
4410 1390 496
4411 552 22
4412 1803 475
4413 1519 229
4414 709 8
4415 1863 468
4416 628 30
4417 1837 451
4418 1919 429
4419 1329 410
4420 586 40
4421 1943 486
4422 1329 408
4423 1598 276
4424 1378 411
4425 1854 500
4426 611 96
4427 1393 482
4428 1551 254
4429 1977 448
4430 1637 227
4431 619 17
4432 1570 266
4433 1377 418
4434 1835 519
4435 1586 219
4436 1335 534
4437 1542 218
4438 1308 445
4439 1560 279
4440 1357 396
4441 1813 546
4442 1319 512
4443 1362 370
4444 596 102
4445 1591 283
4446 590 46
4447 1813 555
4448 1628 247
4449 666 35
4450 1577 274
4451 1615 293
4452 565 4
4453 1383 421
4454 672 12
4455 1363 412
4456 682 57
4457 1960 524
4458 1930 495
4459 1886 488
4460 1938 463
4461 1359 512
4462 1587 311
4463 75 1591
4464 1611 295
4465 1381 246
4466 1842 471
4467 1840 478
4468 82 1459
4469 97 1508
4470 1344 482
4471 1767 479
4472 1355 488
4473 1857 562
4474 687 22
4475 1305 449
4476 1582 235
4477 1571 298
4478 1848 531
4479 1885 457
4480 1324 453
4481 1968 439
4482 1363 493
4483 1915 452
4484 102 1317
4485 1569 211
4486 1575 179
4487 1885 548
4488 656 31
4489 657 53
4490 25 1410
4491 1632 231
4492 1321 277
4493 1821 529
4494 1822 501
4495 1618 302
4496 1927 522
4497 1282 442
4498 1647 240
4499 1823 489
4500 1404 458
4501 1297 316
4502 1846 482
4503 1348 294
4504 1354 280
4505 1350 504
4506 1387 322
4507 1897 437
4508 1608 246
4509 1827 430
4510 1347 405
4511 614 8
4512 1294 390
4513 1445 284
4514 635 2
4515 1959 501
4516 1572 270
4517 1898 425
4518 594 9
4519 1369 278
4520 629 7
4521 1328 433
4522 1862 555
4523 1376 386
4524 1278 391
4525 1584 249
4526 1352 403
4527 1840 569
4528 1616 297
4529 67 1334
4530 1859 527
4531 1617 240
4532 1921 519
4533 39 1511
4534 1994 489
4535 1391 389
4536 1330 519
4537 1824 486
4538 1884 468
4539 1817 491
4540 1586 271
4541 1848 430
4542 1345 417
4543 1334 283
4544 1372 504
4545 1921 541
4546 1321 417
4547 1335 379
4548 1304 430
4549 1589 251
4550 1285 419
4551 1913 482
4552 1558 237
4553 1806 538
4554 1817 500
4555 1622 301
4556 74 1374
4557 105 1502
4558 1955 433
4559 632 126
4560 1371 356
4561 1337 430
4562 1402 474
4563 1537 258
4564 1833 489
4565 1783 447
4566 1339 382
4567 1784 471
4568 1359 275
4569 1909 511
4570 1303 461
4571 1846 478
4572 1382 316
4573 127 1537
4574 1828 483
4575 1338 337
4576 1374 409
4577 1896 391
4578 1608 292
4579 1276 428
4580 1915 495
4581 1358 440
4582 1846 493
4583 1894 410
4584 1892 549
4585 542 22
4586 1334 352
4587 1383 389
4588 1634 226
4589 1610 291
4590 1556 293
4591 1568 233
4592 1544 275
4593 1618 249
4594 1899 501
4595 1544 237
4596 1819 519
4597 1323 290
4598 1365 463
4599 1883 431
4600 1773 496
4601 1906 395
4602 1635 242
4603 1345 386
4604 1350 502
4605 625 61
4606 1816 488
4607 1642 240
4608 1583 305
4609 650 85
4610 622 77
4611 579 19
4612 1605 262
4613 572 34
4614 1900 424
4615 1373 509
4616 1384 311
4617 1356 443
4618 1566 259
4619 1915 503
4620 26 1335
4621 1540 250
4622 1546 214
4623 1373 288
4624 1318 491
4625 1361 436
4626 1839 428
4627 1794 459
4628 561 44
4629 1873 523
4630 1846 517
4631 566 10
4632 1853 491
4633 1583 201
4634 1596 242
4635 1805 489
4636 97 1425
4637 641 59
4638 1845 537
4639 1847 432
4640 1345 497
4641 1364 526
4642 1559 261
4643 97 1524
4644 566 25
4645 1822 464
4646 1901 458
4647 1899 484
4648 1540 238
4649 1322 480
4650 1572 252
4651 1870 524
4652 1368 381
4653 1346 390
4654 1306 470
4655 1894 433
4656 1838 491
4657 1367 348
4658 1293 339
4659 1863 521
4660 1375 353
4661 1556 248
4662 1288 394
4663 1899 397
4664 656 45
4665 1383 454
4666 631 20
4667 1563 259
4668 1388 350
4669 1889 471
4670 1385 519
4671 1288 349
4672 1288 369
4673 1323 311
4674 1602 227
4675 635 74
4676 1543 286
4677 1317 345
4678 1848 573
4679 1353 536
4680 1937 390
4681 1571 310
4682 1615 239
4683 1348 358
4684 1818 551
4685 1868 562
4686 1915 425
4687 1520 221
4688 1936 414
4689 630 76
4690 1359 337
4691 1936 437
4692 1908 420
4693 45 1357
4694 1874 561
4695 1279 454
4696 606 13
4697 1830 465
4698 1321 302
4699 1449 281
4700 1965 450
4701 1408 496
4702 1874 429
4703 1581 299
4704 1588 265
4705 1905 450
4706 1941 514
4707 1319 476
4708 1962 444
4709 608 57
4710 598 72
4711 1305 296
4712 1501 248
4713 553 32
4714 584 7
4715 1361 434
4716 1315 451
4717 1824 466
4718 1557 287
4719 1580 282
4720 1874 477
4721 1875 494
4722 1373 341
4723 1613 292
4724 1848 432
4725 1584 246
4726 1367 296
4727 1347 515
4728 1789 468
4729 1916 421
4730 1606 275
4731 1908 459
4732 1866 518
4733 1271 410
4734 1330 473
4735 648 105
4736 87 1547
4737 1302 491
4738 1315 444
4739 1359 402
4740 1980 524
4741 1604 297
4742 634 107
4743 57 1461
4744 1834 436
4745 622 32
4746 77 1562
4747 31 1397
4748 643 32
4749 1293 371
4750 1562 260
4751 1904 527
4752 1373 365
4753 1297 482
4754 1611 258
4755 1378 370
4756 1335 400
4757 1353 527
4758 1552 271
4759 1564 262
4760 1946 429
4761 1428 344
4762 1601 249
4763 1327 342
4764 1330 375
4765 1516 209
4766 1913 524
4767 1816 515
4768 38 1413
4769 1958 526
4770 1551 266
4771 1524 282
4772 1887 400
4773 1840 452
4774 1397 332
4775 1347 381
4776 1350 528
4777 1808 539
4778 60 1553
4779 1578 206
4780 1366 332
4781 1320 439
4782 1352 530
4783 1575 271
4784 1424 352
4785 1332 370
4786 1340 373
4787 1563 282
4788 666 21
4789 1863 465
4790 1570 226
4791 1541 230
4792 1991 418
4793 1924 469
4794 1462 268
4795 549 8
4796 604 17
4797 1343 423
4798 586 15
4799 1845 524
4800 109 1497
4801 69 1497
4802 1913 477
4803 1892 409
4804 1818 530
4805 1302 482
4806 1621 249
4807 1846 564
4808 1344 498
4809 1921 425
4810 1911 431
4811 1838 564
4812 1390 353
4813 561 28
4814 126 1382
4815 93 1469
4816 1526 218
4817 1597 193
4818 1531 203
4819 1355 424
4820 1565 226
4821 1367 290
4822 1859 501
4823 1892 465
4824 1876 545
4825 102 1458
4826 578 11
4827 1334 273
4828 1367 292
4829 1877 544
4830 1579 260
4831 1830 455
4832 1858 503
4833 1932 526
4834 1542 265
4835 53 1416
4836 1315 481
4837 1582 209
4838 1410 469
4839 1356 392
4840 1811 551
4841 1314 422
4842 1287 495
4843 618 30
4844 1813 473
4845 1599 277
4846 1598 307
4847 1924 553
4848 1365 469
4849 1969 402
4850 1624 192
4851 1631 197
4852 1560 264
4853 1913 486
4854 1307 431
4855 1931 452
4856 1332 326
4857 1814 395
4858 1996 534
4859 1923 435
4860 1586 283
4861 1390 297
4862 56 1527
4863 1402 368
4864 1370 287
4865 1351 442
4866 1936 532
4867 1563 302
4868 1301 430
4869 1533 296
4870 1929 420
4871 1839 492
4872 94 1504
4873 1275 436
4874 1317 534
4875 1619 249
4876 1906 407
4877 1967 479
4878 1352 427
4879 1290 355
4880 1301 441
4881 1536 262
4882 1567 306
4883 565 53
4884 1553 302
4885 1881 464
4886 1896 448
4887 1383 333
4888 545 28
4889 1884 477
4890 1292 435
4891 599 42
4892 108 1504
4893 637 76
4894 1837 511
4895 1329 445
4896 617 93
4897 1892 427
4898 1541 226
4899 1347 523
4900 1928 517
4901 1897 492
4902 1633 224
4903 1930 420
4904 1856 455
4905 1277 400
4906 1567 201
4907 1575 262
4908 1942 494
4909 1888 486
4910 1621 191
4911 1318 497
4912 1401 368
4913 125 1530
4914 1897 515
4915 1874 514
4916 52 1558
4917 1410 348
4918 1561 198
4919 1571 290
4920 1864 517
4921 1826 497
4922 1902 445
4923 1858 514
4924 1905 555
4925 1362 364
4926 1368 397
4927 1808 526
4928 590 81
4929 1566 182
4930 1285 452
4931 1333 396
4932 1524 276
4933 1362 498
4934 1966 532
4935 1569 200
4936 1543 291
4937 1556 285
4938 1303 388
4939 1523 285
4940 1360 466
4941 1639 222
4942 1402 319
4943 571 41
4944 1277 379
4945 1343 501
4946 1857 459
4947 1922 420
4948 1878 502
4949 1331 442
4950 1860 487
4951 1365 311
4952 1385 292
4953 1867 416
4954 1950 471
4955 1838 567
4956 1356 423
4957 664 8
4958 1860 449
4959 1528 295
4960 626 52
4961 1830 557
4962 1627 223
4963 1536 257
4964 1921 547
4965 660 38
4966 1864 499
4967 1587 230
4968 1501 237
4969 1425 330
4970 1321 484
4971 1397 470
4972 1597 239
4973 1322 286
4974 1404 315
4975 587 68
4976 1271 423
4977 608 60
4978 1367 318
4979 1348 489
4980 1309 419
4981 1434 309
4982 1826 447
4983 1291 454
4984 1567 200
4985 1555 215
4986 637 74
4987 1802 474
4988 1525 269
4989 78 1534
4990 1802 487
4991 1632 246
4992 1614 273
4993 1304 503
4994 1871 550
4995 1292 421
4996 1874 574
4997 1327 301
4998 1382 518
4999 616 102
5000 1335 355
5001 1378 444
5002 1823 478
5003 1375 309
5004 582 33
5005 1541 180
5006 1931 505
5007 1820 486
5008 1581 307
5009 1392 382
5010 604 30
5011 567 5
5012 1623 246
5013 1386 283
5014 47 1523
5015 1372 238
5016 1592 226
5017 1989 440
5018 1839 434
5019 1831 540
5020 1362 289
5021 1807 494
5022 1894 450
5023 1822 428
5024 1304 323
5025 1373 506
5026 1532 237
5027 1783 474
5028 58 1569
5029 617 22
5030 1901 417
5031 1878 481
5032 1583 302
5033 1352 471
5034 1910 543
5035 681 13
5036 1307 377
5037 1306 452
5038 1278 398
5039 1971 509
5040 1887 519
5041 1576 275
5042 1367 426
5043 1851 555
5044 1383 521
5045 646 77
5046 622 94
5047 632 42
5048 1547 206
5049 83 1534
5050 1845 543
5051 1398 326
5052 1822 495
5053 1326 417
5054 1513 211
5055 1379 470
5056 1352 459
5057 1588 288
5058 1905 547
5059 1384 250
5060 1619 293
5061 1823 506
5062 610 80
5063 1579 228
5064 1392 357
5065 1453 293
5066 1542 206
5067 1908 539
5068 617 114
5069 548 24
5070 1877 420
5071 652 79
5072 1927 493
5073 1447 279
5074 1577 188
5075 1559 286
5076 1517 268
5077 1571 197
5078 1609 289
5079 1363 346
5080 1851 450
5081 601 54
5082 1325 539
5083 1808 460
5084 1948 499
5085 1270 442
5086 1544 212
5087 1342 326
5088 1394 491
5089 1350 420
5090 1900 426
5091 566 47
5092 1911 449
5093 1310 389
5094 1892 435
5095 1370 372
5096 1565 259
5097 107 1438
5098 1897 486
5099 95 1377
5100 70 1320
5101 1381 378
5102 1573 267
5103 1328 419
5104 1908 425
5105 95 1535
5106 1347 422
5107 1884 436
5108 1565 230
5109 591 51
5110 1856 516
5111 1862 434
5112 1516 267
5113 74 1541
5114 1543 267
5115 1623 267
5116 1981 494
5117 1294 354
5118 1393 463
5119 612 79
5120 1866 426
5121 1855 532
5122 1275 462
5123 1900 561
5124 1916 536
5125 1351 339
5126 1378 433
5127 1376 287
5128 616 12
5129 1373 427
5130 1403 332
5131 566 32
5132 46 1328
5133 1587 267
5134 679 64
5135 1281 449
5136 1921 516
5137 1808 472
5138 1545 262
5139 1330 393
5140 1320 533
5141 1374 361
5142 1333 439
5143 1841 566
5144 648 91
5145 633 93
5146 1378 503
5147 1870 544
5148 1612 290
5149 1303 366
5150 99 1503
5151 1563 294
5152 598 25
5153 681 47
5154 620 69
5155 1625 241
5156 1621 208
5157 1535 259
5158 1822 492
5159 1954 474
5160 1851 535
5161 1592 285
5162 1553 228
5163 1517 224
5164 666 49
5165 1948 487
5166 1946 404
5167 29 1275
5168 1585 214
5169 1530 289
5170 1614 295
5171 1891 518
5172 1923 393
5173 1975 526
5174 1310 473
5175 1297 453
5176 1461 294
5177 1948 444
5178 1622 274
5179 618 86
5180 683 19
5181 637 20
5182 616 98
5183 1924 537
5184 98 1528
5185 1916 521
5186 1599 284
5187 662 61
5188 1340 281
5189 1355 456
5190 642 64
5191 1577 197
5192 1360 315
5193 1965 507
5194 1351 336
5195 1304 466
5196 645 52
5197 1824 448
5198 1326 379
5199 1604 281
5200 568 20
5201 1350 536
5202 1335 282
5203 1432 293
5204 108 1540
5205 1409 317
5206 88 1519
5207 1331 308
5208 1791 472
5209 1599 214
5210 1660 240
5211 1593 239
5212 29 1334
5213 1865 546
5214 1425 355
5215 1578 281
5216 1283 451
5217 1343 504
5218 1568 278
5219 77 1516
5220 1361 487
5221 1331 373
5222 649 30
5223 1592 233
5224 663 52
5225 1590 187
5226 1886 537
5227 613 26
5228 1830 434
5229 614 64
5230 1332 318
5231 1355 530
5232 1363 492
5233 623 114
5234 121 1408
5235 1923 442
5236 1526 224
5237 613 68
5238 1610 273
5239 1979 490
5240 1384 394
5241 1647 244
5242 668 8
5243 1964 497
5244 1890 420
5245 1932 458
5246 1968 464
5247 1367 507
5248 1783 494
5249 1569 185
5250 1358 349
5251 1374 482
5252 576 8
5253 1341 543
5254 1355 275
5255 641 8
5256 1822 534
5257 1353 434
5258 1530 252
5259 1311 437
5260 1918 423
5261 1342 357
5262 637 46
5263 1925 477
5264 1359 390
5265 607 54
5266 1851 419
5267 1809 405
5268 1376 253
5269 658 8
5270 1346 323
5271 1917 500
5272 1985 431
5273 1605 236
5274 1605 212
5275 1405 453
5276 1581 308
5277 67 1540
5278 1545 237
5279 1910 518
5280 1320 324
5281 1585 310
5282 1777 466
5283 1351 429
5284 1891 463
5285 1353 459
5286 593 70
5287 1778 461
5288 1847 504
5289 1831 539
5290 1399 474
5291 1858 472
5292 1425 357
5293 1898 558
5294 64 1446
5295 1304 448
5296 577 40
5297 585 35
5298 1317 428
5299 1991 448
5300 1883 528
5301 1910 499
5302 1385 380
5303 1956 492
5304 1977 518
5305 1789 466
5306 1574 270
5307 1567 216
5308 1881 414
5309 654 17
5310 1559 224
5311 1341 512
5312 550 35
5313 632 56
5314 692 32
5315 578 34
5316 1324 455
5317 1333 447
5318 1318 404
5319 1637 221
5320 1558 296
5321 111 1523
5322 1857 520
5323 1906 455
5324 1935 460
5325 1912 535
5326 1540 228
5327 96 1510
5328 1409 340
5329 1394 388
5330 1360 478
5331 1385 411
5332 1591 248
5333 1322 398
5334 1365 483
5335 1537 225
5336 1841 526
5337 1356 397
5338 1524 221
5339 590 22
5340 1361 352
5341 1569 220
5342 1839 499
5343 1818 541
5344 89 1521
5345 1539 268
5346 1510 215
5347 1876 549
5348 1345 342
5349 1578 270
5350 1601 237
5351 676 43
5352 1354 466
5353 1637 234
5354 660 6
5355 1850 477
5356 1586 269
5357 631 53
5358 1400 308
5359 1940 533
5360 1922 385
5361 1304 421
5362 1574 305
5363 569 55
5364 1348 390
5365 1918 522
5366 101 1488
5367 1580 295
5368 1389 339
5369 619 83
5370 1827 443
5371 1825 471
5372 671 53
5373 1319 309
5374 1341 436
5375 1618 265
5376 1590 249
5377 47 1464
5378 642 76
5379 620 122
5380 1381 371
5381 1282 423
5382 1584 237
5383 1840 458
5384 539 18
5385 69 1545
5386 1878 418
5387 539 17
5388 1383 282
5389 1379 467
5390 1342 495
5391 1620 234
5392 1921 438
5393 1823 497
5394 1580 291
5395 1926 498
5396 1532 192
5397 1280 452
5398 1347 449
5399 1573 193
5400 1390 416
5401 1953 394
5402 100 1455
5403 1329 332
5404 1537 208
5405 1804 456
5406 1857 551
5407 1873 574
5408 1874 418
5409 1603 292
5410 1319 338
5411 568 50
5412 1323 466
5413 1588 232
5414 1620 191
5415 1857 518
5416 670 47
5417 1833 522
5418 1533 256
5419 1573 185
5420 1905 541
5421 1810 452
5422 1897 503
5423 1855 449
5424 1851 422
5425 86 1365
5426 1859 457
5427 592 37
5428 1394 482
5429 1524 262
5430 1306 501
5431 1357 381
5432 1368 492
5433 1892 456
5434 1820 510
5435 1569 311
5436 1531 228
5437 1810 440
5438 554 36
5439 35 1461
5440 1633 195
5441 1874 533
5442 580 10
5443 1557 276
5444 21 1379
5445 1362 276
5446 1921 479
5447 641 46
5448 1342 315
5449 1328 281
5450 1374 268
5451 1350 345
5452 646 45
5453 1536 306
5454 1368 499
5455 1831 528
5456 1584 297
5457 1805 523
5458 1860 563
5459 1298 458
5460 1336 488
5461 1986 443
5462 1955 493
5463 1915 436
5464 622 74
5465 1557 216
5466 638 67
5467 1468 252
5468 667 24
5469 1604 285
5470 1958 397
5471 1349 421
5472 1550 206
5473 1318 412
5474 1815 403
5475 1851 443
5476 1280 427
5477 1408 485
5478 1336 389
5479 1528 268
5480 1903 510
5481 1818 483
5482 1799 485
5483 1532 279
5484 1543 207
5485 1818 480
5486 1899 550
5487 1567 202
5488 1322 368
5489 1557 214
5490 1321 418
5491 1797 507
5492 1916 424
5493 1358 323
5494 1388 485
5495 1929 458
5496 563 43
5497 1921 462
5498 1842 505
5499 1568 198
5500 1542 279
5501 1571 189
5502 1290 475
5503 1950 523
5504 105 1476
5505 1559 243
5506 1956 485
5507 1836 436
5508 1858 498
5509 1517 255
5510 1799 401
5511 1342 376
5512 100 1494
5513 1347 413
5514 1590 275
5515 1871 536
5516 1553 275
5517 627 3
5518 535 2
5519 1833 506
5520 1339 422
5521 1355 518
5522 1350 487
5523 1390 483
5524 1326 519
5525 1955 459
5526 1304 429
5527 1876 422
5528 1352 448
5529 691 11
5530 1602 233
5531 1812 547
5532 1555 187
5533 1359 481
5534 58 1439
5535 65 1585
5536 1790 505
5537 1919 536
5538 1797 435
5539 1552 193
5540 1322 472
5541 637 35
5542 1307 412
5543 1855 531
5544 1357 351
5545 1311 497
5546 1869 468
5547 1374 408
5548 1955 456
5549 111 1338
5550 40 1394
5551 1600 274
5552 1355 439
5553 1594 279
5554 1821 565
5555 1555 218
5556 1335 482
5557 1847 505
5558 1591 298
5559 1924 439
5560 1637 254
5561 685 21
5562 1569 285
5563 1973 527
5564 1271 456
5565 1541 263
5566 1557 232
5567 1287 344
5568 1865 456
5569 1328 447
5570 608 61
5571 1368 309
5572 1997 508
5573 1318 289
5574 1885 472
5575 1811 513
5576 1336 370
5577 650 55
5578 1312 442
5579 1862 553
5580 1828 455
5581 1317 479
5582 1622 244
5583 1335 523
5584 1789 442
5585 615 75
5586 1862 500
5587 1834 529
5588 1510 221
5589 1339 427
5590 1390 473
5591 78 1543
5592 1573 285
5593 1906 503
5594 1903 396
5595 1369 314
5596 101 1459
5597 1377 348
5598 1516 219
5599 1899 552
5600 1394 498
5601 616 79
5602 1357 487
5603 1932 531
5604 1651 245
5605 1384 328
5606 1393 492
5607 1315 470
5608 1289 349
5609 1290 464
5610 1856 525
5611 1604 298
5612 1922 428
5613 1773 478
5614 628 89
5615 1622 308
5616 1590 227
5617 1634 295
5618 614 98
5619 44 1481
5620 1895 467
5621 1813 526
5622 1658 245
5623 1349 329
5624 1527 213
5625 1352 425
5626 1309 438
5627 556 32
5628 1366 406
5629 1887 459
5630 634 51
5631 109 1395
5632 1858 519
5633 1337 445
5634 1403 466
5635 555 3
5636 1887 537
5637 1381 468
5638 671 20
5639 1344 359
5640 1639 269
5641 57 1575
5642 1817 515
5643 613 9
5644 1622 259
5645 1575 216
5646 576 12
5647 1390 343
5648 1618 230
5649 71 1437
5650 1597 294
5651 648 29
5652 1637 281
5653 1800 501
5654 1329 418
5655 1615 305
5656 1934 419
5657 1807 499
5658 1865 561
5659 1978 501
5660 1602 231
5661 1901 531
5662 1401 502
5663 1479 242
5664 1294 304
5665 1942 512
5666 1368 236
5667 1616 208
5668 1356 486
5669 106 1525
5670 1311 361
5671 636 58
5672 1886 567
5673 1428 292
5674 1334 368
5675 1817 438
5676 1797 492
5677 1805 550
5678 1609 272
5679 1790 491
5680 652 22
5681 1456 294
5682 1615 301
5683 1384 414
5684 1633 204
5685 619 112
5686 1519 217
5687 1860 517
5688 1565 269
5689 2 1387
5690 1982 487
5691 1335 271
5692 1288 452
5693 1362 295
5694 1582 236
5695 1461 269
5696 1857 536
5697 1611 312
5698 1926 522
5699 1909 506
5700 1940 381
5701 1596 299
5702 1340 426
5703 650 43
5704 1948 530
5705 1348 431
5706 1637 274
5707 84 1343
5708 1553 300
5709 1384 336
5710 1543 266
5711 1365 405
5712 32 1434
5713 1843 580
5714 1566 263
5715 1989 487
5716 74 1425
5717 1388 455
5718 1769 477
5719 1926 523
5720 1963 416
5721 1794 436
5722 106 1376
5723 1370 457
5724 1338 360
5725 635 78
5726 1329 395
5727 640 124
5728 1918 393
5729 1512 272
5730 1516 253
5731 1902 460
5732 1867 494
5733 660 73
5734 1392 380
5735 1352 396
5736 1975 521
5737 559 24
5738 611 86
5739 13 1350
5740 1395 478
5741 1849 541
5742 1802 456
5743 70 1332
5744 1581 285
5745 1420 307
5746 639 27
5747 1896 501
5748 1842 521
5749 576 5
5750 1550 237
5751 1405 468
5752 1993 525
5753 1337 372
5754 1407 323
5755 1570 234
5756 1820 453
5757 1525 267
5758 1581 270
5759 1362 401
5760 1380 252
5761 1560 293
5762 1379 406
5763 1559 293
5764 1815 524
5765 1865 415
5766 1333 486
5767 1342 395
5768 1358 519
5769 1826 464
5770 1874 420
5771 599 62
5772 1609 312
5773 1302 442
5774 1390 495
5775 1324 494
5776 1397 442
5777 1580 278
5778 1564 206
5779 1383 315
5780 38 1449
5781 1980 438
5782 1305 539
5783 1447 280
5784 1546 243
5785 1335 407
5786 1883 417
5787 1298 485
5788 1526 259
5789 57 1566
5790 1344 363
5791 1831 550
5792 1831 523
5793 1620 269
5794 671 8
5795 623 1
5796 1533 225
5797 687 8
5798 632 4
5799 1642 209
5800 561 23
5801 1587 273
5802 1318 538
5803 1523 247
5804 1557 265
5805 1869 481
5806 1912 477
5807 1822 482
5808 1831 552
5809 71 1371
5810 1563 266
5811 552 17
5812 1344 432
5813 1554 254
5814 1570 209
5815 1308 413
5816 1555 286
5817 1593 292
5818 1798 458
5819 1828 539
5820 1384 292
5821 1920 523
5822 1392 352
5823 1847 546
5824 595 53
5825 1371 388
5826 1645 217
5827 660 17
5828 693 46
5829 633 43
5830 1570 287
5831 616 75
5832 1635 218
5833 1516 236
5834 1606 238
5835 57 1521
5836 1808 447
5837 1802 535
5838 1298 469
5839 1964 507
5840 1881 515
5841 1797 518
5842 1939 449
5843 1363 360
5844 1642 285
5845 97 1514
5846 1598 267
5847 1344 437
5848 1592 273
5849 575 69
5850 1968 485
5851 1778 490
5852 1347 415
5853 602 101
5854 1423 337
5855 1388 445
5856 609 86
5857 1427 294
5858 1347 455
5859 1909 561
5860 1373 270
5861 1342 444
5862 1818 457
5863 1570 184
5864 1573 247
5865 1558 276
5866 1363 534
5867 1375 403
5868 1548 205
5869 1308 358
5870 1901 419
5871 582 55
5872 1910 532
5873 1793 478
5874 1344 390
5875 1614 192
5876 1852 511
5877 1791 509
5878 103 1522
5879 1627 231
5880 1621 247
5881 1613 240
5882 1845 577
5883 1967 430
5884 95 1489
5885 1795 485
5886 1600 305
5887 1621 219
5888 1870 439
5889 1380 521
5890 1865 549
5891 1802 455
5892 1594 261
5893 1306 503
5894 1329 531
5895 1300 385
5896 1295 432
5897 1919 485
5898 1343 502
5899 1366 351
5900 1396 362
5901 1978 498
5902 92 1545
5903 1352 321
5904 1351 267
5905 1569 195
5906 1314 512
5907 668 21
5908 1338 461
5909 1379 272
5910 1624 300
5911 1561 249
5912 1523 277
5913 1886 527
5914 1324 426
5915 664 15
5916 1325 400
5917 1910 480
5918 1656 225
5919 1532 288
5920 1318 432
5921 1543 276
5922 1892 444
5923 1893 403
5924 1543 255
5925 1903 512
5926 670 27
5927 1339 428
5928 1628 306
5929 1355 317
5930 1827 489
5931 1592 267
5932 598 44
5933 1830 525
5934 583 17
5935 1511 218
5936 1520 252
5937 1807 501
5938 1329 487
5939 1515 231
5940 1357 476
5941 1390 291
5942 1353 532
5943 1584 204
5944 620 88
5945 1375 484
5946 1608 305
5947 1325 366
5948 1391 497
5949 1600 225
5950 1541 195
5951 1859 436
5952 1938 523
5953 1310 505
5954 1846 516
5955 1835 528
5956 1596 246
5957 637 50
5958 1346 393
5959 1544 241
5960 1850 500
5961 95 1392
5962 1864 437
5963 1611 240
5964 1378 458
5965 1883 400
5966 1883 409
5967 615 67
5968 1849 527
5969 96 1500
5970 1511 245
5971 1857 444
5972 1509 221
5973 1428 348
5974 1839 559
5975 565 18
5976 668 9
5977 1848 455
5978 1573 250
5979 1908 488
5980 7 1416
5981 1836 516
5982 1860 495
5983 1560 266
5984 102 1437
5985 1576 292
5986 122 1346
5987 1304 365
5988 32 1404
5989 1882 512
5990 1598 291
5991 1884 506
5992 1379 355
5993 1853 482
5994 1930 499
5995 1786 470
5996 1349 371
5997 591 83
5998 1311 328
5999 1413 478
6000 1388 460
6001 1940 505
6002 1495 229
6003 1882 541
6004 1326 397
6005 1906 510
6006 566 0
6007 1382 350
6008 1625 230
6009 1593 314
6010 1380 522
6011 1365 446
6012 1353 397
6013 1318 291
6014 1889 423
6015 1411 487
6016 1365 308
6017 1618 201
6018 552 3
6019 1859 514
6020 1442 278
6021 1376 323
6022 1326 422
6023 613 14
6024 1844 561
6025 1372 417
6026 1590 291
6027 1380 315
6028 1605 260
6029 547 17
6030 1797 534
6031 1349 521
6032 574 12
6033 1597 261
6034 67 1524
6035 1904 510
6036 1856 472
6037 1915 416
6038 1368 358
6039 1367 323
6040 1360 378
6041 1852 527
6042 1845 505
6043 27 1336
6044 1376 475
6045 1640 234
6046 1841 452
6047 1326 413
6048 1844 473
6049 1796 481
6050 1894 503
6051 615 32
6052 1798 450
6053 1815 514
6054 1336 480
6055 1622 292
6056 1785 488
6057 602 37
6058 1342 518
6059 635 61
6060 1402 353
6061 621 53
6062 654 67
6063 593 56
6064 1320 381
6065 1554 294
6066 1559 206
6067 1540 239
6068 595 6
6069 1953 473
6070 1843 477
6071 1601 314
6072 1607 215
6073 1343 488
6074 1362 313
6075 1863 511
6076 1318 441
6077 668 43
6078 1326 362
6079 1636 223
6080 617 87
6081 1533 233
6082 633 27
6083 1384 404
6084 1880 522
6085 1839 565
6086 1340 486
6087 1330 434
6088 1383 492
6089 1577 251
6090 1328 504
6091 1662 242
6092 1944 444
6093 3 1387
6094 1352 392
6095 1333 286
6096 1576 248
6097 1791 486
6098 599 101
6099 1854 507
6100 1891 458
6101 1826 504
6102 603 40
6103 1966 509
6104 1546 295
6105 1291 474
6106 1360 261
6107 1807 491
6108 1593 273
6109 1885 554
6110 1330 513
6111 1870 489
6112 1919 504
6113 1985 501
6114 616 86
6115 1578 285
6116 1557 225
6117 1624 260
6118 626 59
6119 1349 315
6120 1953 477
6121 1931 438
6122 1379 305
6123 1612 294
6124 562 11
6125 1529 236
6126 1853 417
6127 1814 492
6128 1576 212
6129 554 7
6130 1310 317
6131 1444 284
6132 1593 187
6133 1600 221
6134 1579 254
6135 1309 394
6136 682 58
6137 1864 464
6138 1420 339
6139 569 37
6140 1849 521
6141 106 1526
6142 1870 443
6143 1327 439
6144 1301 463
6145 1629 231
6146 1457 279
6147 1320 347
6148 1961 518
6149 1984 488
6150 1970 472
6151 624 30
6152 1590 226
6153 1337 357
6154 1808 397
6155 1864 566
6156 1803 442
6157 1873 567
6158 93 1497
6159 605 36
6160 1600 206
6161 1825 516
6162 1803 505
6163 1349 322
6164 1894 549
6165 1291 472
6166 1540 203
6167 1842 487
6168 1290 441
6169 1334 401
6170 599 57
6171 1418 313
6172 1305 467
6173 1919 442
6174 1526 240
6175 1629 228
6176 589 97
6177 1850 534
6178 1378 383
6179 1590 300
6180 1336 290
6181 1500 228
6182 1960 380
6183 1964 486
6184 1298 444
6185 1887 515
6186 1360 314
6187 1904 465
6188 1364 459
6189 587 7
6190 1858 446
6191 1644 224
6192 1359 321
6193 1309 350
6194 615 53
6195 1361 501
6196 1941 426
6197 1807 530
6198 1542 288
6199 1884 478
6200 1573 214
6201 1380 402
6202 1415 317
6203 1933 465
6204 1275 459
6205 1378 388
6206 1988 430
6207 1877 477
6208 1563 205
6209 1532 267
6210 1378 522
6211 1897 563
6212 1551 237
6213 1868 521
6214 1290 316
6215 591 112
6216 1867 465
6217 1316 432
6218 1902 419
6219 1851 502
6220 1598 286
6221 1408 315
6222 659 40
6223 1625 278
6224 1948 391
6225 1794 511
6226 1878 482
6227 1581 197
6228 1331 396
6229 58 1404
6230 1406 445
6231 1425 342
6232 1340 491
6233 1812 450
6234 1809 486
6235 548 26
6236 1306 301
6237 1338 455
6238 569 30
6239 1855 508
6240 1865 466
6241 1924 456
6242 1368 338
6243 1776 484
6244 1851 525
6245 77 1567
6246 1823 486
6247 1893 573
6248 1400 498
6249 1878 424
6250 1383 381
6251 1932 529
6252 1553 256
6253 1522 274
6254 1605 287
6255 1897 508
6256 1353 293
